Time_sec,Voltage_V
0,0.357282502443793
0.340068000003696,0.347507331378299
0.390171999998391,0.259530791788857
0.435240999996662,0.259530791788857
0.485105999998748,0.25464320625611
0.533608999997377,0.244868035190616
0.582888000003994,0.235092864125122
0.628412000000477,0.230205278592376
0.675758000001311,0.220430107526882
0.722458999998868,0.215542521994135
0.768946999996901,0.215542521994135
0.812526000000537,0.225317693059629
0.858092000000179,0.283968719452591
0.903355999998748,0.313294232649072
0.959902000002563,0.298631476050831
1.02662099999934,0.283968719452591
1.09621999999881,0.166666666666667
1.15371500000358,0.191104594330401
1.2161950000003,0.323069403714565
1.27157100000232,0.318181818181818
1.32004100000113,0.313294232649072
1.3655680000037,0.313294232649072
1.41233100000024,0.186217008797654
1.45985100000352,0.318181818181818
1.51198600000143,0.25464320625611
1.56538400000334,0.274193548387097
1.60689800000191,0.279081133919844
1.65161599999666,0.342619745845552
1.69781099999696,0.347507331378299
1.74472999999672,0.352394916911046
1.79217000000179,0.26930596285435
1.8623030000031,0.25464320625611
1.92443999999762,0.259530791788857
1.98309899999946,0.264418377321603
2.03806499999762,0.264418377321603
2.09931899999827,0.264418377321603
2.16874499999732,0.259530791788857
2.23104699999839,0.25464320625611
2.29618699999899,0.249755620723363
2.36172999999672,0.249755620723363
2.4186950000003,0.37683284457478
2.48157999999821,0.308406647116325
2.53809499999881,0.279081133919844
2.59917000000179,0.244868035190616
2.65675500000268,0.274193548387097
2.71425299999863,0.36217008797654
2.77350400000066,0.357282502443793
2.84052499999851,0.352394916911046
2.89822600000352,0.352394916911046
2.95941000000387,0.347507331378299
3.01828899999708,0.279081133919844
3.07897399999946,0.308406647116325
3.14989699999988,0.323069403714565
3.21693699999899,0.327956989247312
3.28244099999964,0.318181818181818
3.34897999999672,0.342619745845552
3.40841799999774,0.342619745845552
3.46447399999946,0.303519061583578
3.51154200000316,0.342619745845552
3.55646899999678,0.347507331378299
3.6020380000025,0.347507331378299
3.64708100000024,0.352394916911046
3.69102000000328,0.352394916911046
3.73619799999893,0.357282502443793
3.78318599999696,0.36217008797654
3.8424469999969,0.36217008797654
3.88861800000072,0.367057673509287
3.94571400000155,0.308406647116325
4.01363099999726,0.308406647116325
4.07143500000238,0.352394916911046
4.13708799999952,0.352394916911046
4.19777799999714,0.342619745845552
4.2586099999994,0.342619745845552
4.3275019999966,0.37683284457478
4.39118599999696,0.371945259042033
4.44975299999863,0.357282502443793
4.49976200000197,0.337732160312806
4.54919399999827,0.36217008797654
4.59302700000256,0.327956989247312
4.63728599999845,0.313294232649072
4.68291099999845,0.332844574780059
4.72827499999851,0.347507331378299
4.77333100000024,0.342619745845552
4.82718400000036,0.26930596285435
4.88795899999887,0.274193548387097
4.94510400000215,0.279081133919844
4.99064299999923,0.279081133919844
5.03732299999893,0.283968719452591
5.08398399999738,0.323069403714565
5.12941399999708,0.332844574780059
5.17513199999928,0.371945259042033
5.2191269999966,0.347507331378299
5.26436800000072,0.293743890518084
5.31837799999863,0.381720430107527
5.36268800000101,0.371945259042033
5.40713499999791,0.36217008797654
5.4529299999997,0.367057673509287
5.50532299999893,0.367057673509287
5.55248600000143,0.367057673509287
5.60031099999696,0.347507331378299
5.66620700000226,0.36217008797654
5.71982500000298,0.352394916911046
5.76393699999899,0.249755620723363
5.80973900000006,0.235092864125122
5.85490500000119,0.36217008797654
5.89966899999976,0.357282502443793
5.95335499999672,0.288856304985337
5.99863899999857,0.235092864125122
6.04196700000018,0.239980449657869
6.08773700000346,0.244868035190616
6.13247600000352,0.244868035190616
6.17809200000018,0.249755620723363
6.22327099999785,0.249755620723363
6.26724000000209,0.244868035190616
6.31616000000387,0.244868035190616
6.35763400000334,0.244868035190616
6.40443900000304,0.244868035190616
6.45218599999696,0.249755620723363
6.49856300000101,0.25464320625611
6.55095300000161,0.26930596285435
6.5997330000028,0.264418377321603
6.64435300000012,0.249755620723363
6.69000400000066,0.279081133919844
6.74007900000364,0.303519061583578
6.78949300000072,0.293743890518084
6.83377600000054,0.308406647116325
6.87762799999863,0.244868035190616
6.9241930000037,0.239980449657869
6.9755680000037,0.279081133919844
7.03009399999678,0.244868035190616
7.09747800000012,0.244868035190616
7.15869200000167,0.249755620723363
7.20974899999797,0.264418377321603
7.25532100000233,0.26930596285435
7.3001269999966,0.283968719452591
7.3455719999969,0.235092864125122
7.39154999999702,0.244868035190616
7.43446299999952,0.279081133919844
7.48011100000143,0.25464320625611
7.53146800000221,0.235092864125122
7.5870680000037,0.274193548387097
7.63201900000125,0.249755620723363
7.6779299999997,0.235092864125122
7.72638000000268,0.244868035190616
7.77123700000346,0.26930596285435
7.82010000000149,0.288856304985337
7.88143599999696,0.259530791788857
7.92799899999797,0.230205278592376
7.97236699999869,0.259530791788857
8.02072999999672,0.274193548387097
8.06591099999845,0.26930596285435
8.11372999999672,0.249755620723363
8.16421999999881,0.259530791788857
8.21086299999803,0.249755620723363
8.25992400000244,0.25464320625611
8.3106080000028,0.239980449657869
8.35671400000155,0.200879765395894
8.40083500000089,0.205767350928641
8.44744600000232,0.235092864125122
8.49575500000268,0.264418377321603
8.54603299999982,0.244868035190616
8.59645099999756,0.264418377321603
8.65719600000232,0.259530791788857
8.70967899999768,0.293743890518084
8.75762600000203,0.318181818181818
8.80366799999774,0.323069403714565
8.86230399999768,0.25464320625611
8.9149069999978,0.259530791788857
8.9635150000006,0.225317693059629
9.00801200000197,0.220430107526882
9.0566780000031,0.235092864125122
9.10189699999988,0.288856304985337
9.17199700000137,0.259530791788857
9.21676600000262,0.274193548387097
9.26584899999946,0.274193548387097
9.31521599999815,0.274193548387097
9.36259399999678,0.259530791788857
9.40979999999702,0.264418377321603
9.45049199999869,0.293743890518084
9.49767000000179,0.26930596285435
9.5478599999994,0.279081133919844
9.59395300000161,0.25464320625611
9.64315699999779,0.244868035190616
9.68729200000316,0.249755620723363
9.73435899999738,0.279081133919844
9.77824199999869,0.279081133919844
9.82356000000238,0.288856304985337
9.86804500000179,0.298631476050831
9.91381899999827,0.26930596285435
9.9641400000006,0.249755620723363
10.0113049999997,0.239980449657869
10.0555429999977,0.244868035190616
10.102199000001,0.279081133919844
10.1508299999982,0.288856304985337
10.195575000003,0.274193548387097
10.2451140000001,0.259530791788857
10.2907519999966,0.249755620723363
10.3360890000015,0.264418377321603
10.3808020000011,0.249755620723363
10.4255139999986,0.235092864125122
10.488310999997,0.274193548387097
10.5508070000038,0.274193548387097
10.615436999999,0.264418377321603
10.6628769999966,0.264418377321603
10.7169280000031,0.283968719452591
10.7708269999996,0.264418377321603
10.8229830000028,0.230205278592376
10.8761000000015,0.225317693059629
10.9207580000013,0.249755620723363
10.9675240000039,0.279081133919844
11.015424999997,0.288856304985337
11.0609469999969,0.26930596285435
11.1054060000032,0.25464320625611
11.1509149999991,0.244868035190616
11.2013620000035,0.230205278592376
11.244310999997,0.230205278592376
11.2890359999985,0.239980449657869
11.3388969999999,0.26930596285435
11.3847239999995,0.279081133919844
11.4292950000018,0.264418377321603
11.4736030000001,0.264418377321603
11.5269809999987,0.264418377321603
11.573137000002,0.26930596285435
11.6183100000024,0.283968719452591
11.6622280000001,0.274193548387097
11.7071810000017,0.25464320625611
11.7529509999976,0.26930596285435
11.7970279999971,0.264418377321603
11.8425139999986,0.244868035190616
11.8876829999983,0.259530791788857
11.9326180000007,0.26930596285435
11.9773690000027,0.25464320625611
12.021876000002,0.259530791788857
12.0667730000019,0.26930596285435
12.1167569999993,0.26930596285435
12.1660689999983,0.26930596285435
12.2112800000012,0.244868035190616
12.2558840000033,0.259530791788857
12.3066319999993,0.25464320625611
12.3550090000033,0.264418377321603
12.3992819999978,0.26930596285435
12.4443959999979,0.239980449657869
12.4898610000014,0.249755620723363
12.5388790000007,0.259530791788857
12.5856220000014,0.274193548387097
12.650237999998,0.259530791788857
12.7105380000025,0.249755620723363
12.7652339999974,0.26930596285435
12.8261469999999,0.244868035190616
12.8791049999967,0.244868035190616
12.9329710000008,0.26930596285435
12.9880279999971,0.26930596285435
13.047439000003,0.25464320625611
13.1059689999968,0.323069403714565
13.1614160000011,0.323069403714565
13.2240310000032,0.259530791788857
13.2834029999971,0.239980449657869
13.343313000001,0.205767350928641
13.3996349999979,0.210654936461388
13.4567889999971,0.210654936461388
13.5063779999986,0.220430107526882
13.5589860000014,0.225317693059629
13.6086510000005,0.239980449657869
13.6529549999982,0.25464320625611
13.6982079999968,0.283968719452591
13.7461389999986,0.279081133919844
13.7928549999967,0.244868035190616
13.8422449999973,0.249755620723363
13.8915729999989,0.244868035190616
13.9355209999979,0.26930596285435
13.9798720000014,0.259530791788857
14.0261660000011,0.249755620723363
14.0758709999993,0.249755620723363
14.1195860000029,0.264418377321603
14.165685999997,0.264418377321603
14.2112239999995,0.249755620723363
14.2596419999972,0.244868035190616
14.3041010000035,0.25464320625611
14.360674999997,0.25464320625611
14.4060490000024,0.244868035190616
14.4471520000026,0.25464320625611
14.4928219999969,0.230205278592376
14.5372079999968,0.244868035190616
14.5824739999995,0.259530791788857
14.6282049999982,0.235092864125122
14.6730560000017,0.230205278592376
14.7215520000011,0.259530791788857
14.7665059999973,0.264418377321603
14.8127089999989,0.235092864125122
14.8565,0.235092864125122
14.9013980000019,0.264418377321603
14.9474600000009,0.239980449657869
14.9917519999966,0.239980449657869
15.0374860000014,0.259530791788857
15.0827189999968,0.26930596285435
15.1286209999993,0.239980449657869
15.1771590000018,0.244868035190616
15.221549999997,0.244868035190616
15.266063000001,0.264418377321603
15.3123859999999,0.249755620723363
15.3565719999969,0.239980449657869
15.401637000002,0.26930596285435
15.4485310000032,0.25464320625611
15.4970759999976,0.25464320625611
15.5454189999998,0.244868035190616
15.6024670000002,0.26930596285435
15.6559849999994,0.259530791788857
15.7053439999968,0.25464320625611
15.7635059999973,0.244868035190616
15.8133589999974,0.244868035190616
15.8653910000026,0.239980449657869
15.9174299999997,0.249755620723363
15.970449000001,0.25464320625611
16.03675,0.283968719452591
16.1020370000005,0.259530791788857
16.159561999999,0.230205278592376
16.2317829999998,0.244868035190616
16.2986679999977,0.25464320625611
16.3684949999973,0.264418377321603
16.4217719999999,0.259530791788857
16.4799670000002,0.25464320625611
16.552375,0.264418377321603
16.6230150000006,0.249755620723363
16.6718070000038,0.249755620723363
16.7196209999993,0.249755620723363
16.7739699999988,0.244868035190616
16.827012000002,0.239980449657869
16.8885960000008,0.259530791788857
16.9383849999979,0.259530791788857
16.9863090000004,0.264418377321603
17.0475249999985,0.283968719452591
17.1473519999981,0.279081133919844
17.2240480000004,0.25464320625611
17.283575000003,0.274193548387097
17.3597559999973,0.239980449657869
17.4383259999976,0.264418377321603
17.507311999999,0.264418377321603
17.6443189999983,0.249755620723363
17.7159120000005,0.26930596285435
17.7945460000038,0.25464320625611
17.8737529999986,0.26930596285435
17.9396319999993,0.259530791788857
18.0166780000031,0.26930596285435
18.073436999999,0.26930596285435
18.1260080000013,0.259530791788857
18.1883200000003,0.279081133919844
18.2403690000027,0.239980449657869
18.289376000002,0.327956989247312
18.3422400000021,0.332844574780059
18.3948859999999,0.327956989247312
18.4491290000007,0.200879765395894
18.5052819999978,0.205767350928641
18.556424999997,0.210654936461388
18.6127210000008,0.230205278592376
18.657313000001,0.210654936461388
18.7193559999987,0.205767350928641
18.7767049999982,0.200879765395894
18.834012000002,0.195992179863147
18.8954600000009,0.191104594330401
18.9485160000026,0.17644183773216
19.0033990000039,0.166666666666667
19.0600420000032,0.16177908113392
19.127200000003,0.215542521994135
19.1944560000002,0.26930596285435
19.244876000002,0.264418377321603
19.2975179999992,0.259530791788857
19.3454900000021,0.259530791788857
19.3986340000033,0.259530791788857
19.4518540000021,0.264418377321603
19.5064320000038,0.264418377321603
19.5541230000034,0.264418377321603
19.60975,0.26930596285435
19.6575380000025,0.26930596285435
19.7023849999979,0.26930596285435
19.7566099999994,0.235092864125122
19.8037690000013,0.249755620723363
19.8584710000008,0.25464320625611
19.9088299999982,0.25464320625611
19.9579179999977,0.249755620723363
20.0114439999983,0.235092864125122
20.0602470000014,0.225317693059629
20.1332040000036,0.259530791788857
20.3626520000026,0.283968719452591
20.4488610000014,0.283968719452591
20.517949000001,0.259530791788857
20.5958950000033,0.235092864125122
20.6491520000026,0.235092864125122
20.7015270000026,0.225317693059629
20.7627590000033,0.225317693059629
20.8382569999993,0.225317693059629
20.8952030000016,0.25464320625611
20.9489900000021,0.293743890518084
21.0173159999996,0.279081133919844
21.1406040000021,0.274193548387097
21.2153699999973,0.26930596285435
21.3165209999979,0.283968719452591
21.3723800000027,0.244868035190616
21.442800999999,0.210654936461388
21.497,0.26930596285435
21.5464579999968,0.283968719452591
21.5985769999996,0.308406647116325
21.649685999997,0.313294232649072
21.7005729999989,0.318181818181818
21.7485820000023,0.288856304985337
21.7960109999999,0.279081133919844
21.8495,0.274193548387097
21.8981340000033,0.239980449657869
21.9480790000036,0.205767350928641
21.998050999999,0.205767350928641
22.0488620000035,0.210654936461388
22.0937770000026,0.225317693059629
22.1476529999971,0.249755620723363
22.1984219999984,0.288856304985337
22.2573549999967,0.288856304985337
22.323688000001,0.230205278592376
22.372799999997,0.235092864125122
22.4288559999987,0.259530791788857
22.4981930000037,0.200879765395894
22.5562170000002,0.225317693059629
22.6148809999973,0.225317693059629
22.6686670000032,0.239980449657869
22.7189870000035,0.249755620723363
22.770751000002,0.225317693059629
22.8184010000005,0.225317693059629
22.8692339999974,0.249755620723363
22.9166550000012,0.264418377321603
22.968813000001,0.25464320625611
23.0198369999975,0.244868035190616
23.0705310000032,0.244868035190616
23.1226700000018,0.230205278592376
23.192950000003,0.215542521994135
23.2550350000039,0.230205278592376
23.3055560000017,0.225317693059629
23.3641620000005,0.249755620723363
23.4296140000001,0.264418377321603
23.4840300000012,0.283968719452591
23.5316490000039,0.279081133919844
23.5890179999992,0.235092864125122
23.6467559999973,0.239980449657869
23.7014340000004,0.25464320625611
23.7536979999989,0.244868035190616
23.8746630000025,0.264418377321603
23.9549280000031,0.283968719452591
24.0238559999987,0.279081133919844
24.0897929999977,0.264418377321603
24.1823070000037,0.264418377321603
24.238075000003,0.279081133919844
24.3066649999991,0.288856304985337
24.3746920000017,0.25464320625611
24.4206030000001,0.25464320625611
24.4709629999995,0.274193548387097
24.5196569999978,0.279081133919844
24.5761909999996,0.264418377321603
24.6221400000006,0.25464320625611
24.6668530000001,0.279081133919844
24.7152299999967,0.283968719452591
24.7565050000027,0.244868035190616
24.8083170000017,0.239980449657869
24.8585649999976,0.220430107526882
24.9057229999974,0.225317693059629
24.9545839999989,0.235092864125122
25.0012950000018,0.230205278592376
25.0465710000023,0.239980449657869
25.0919420000017,0.239980449657869
25.1382129999995,0.264418377321603
25.1857870000005,0.259530791788857
25.226623999998,0.279081133919844
25.279638000004,0.279081133919844
25.3297829999998,0.26930596285435
25.3821150000021,0.235092864125122
25.4271639999971,0.200879765395894
25.4736459999978,0.200879765395894
25.5314170000032,0.200879765395894
25.5764289999977,0.200879765395894
25.6247599999979,0.195992179863147
25.6688090000004,0.200879765395894
25.7142939999998,0.235092864125122
25.7557110000029,0.191104594330401
25.8008910000026,0.220430107526882
25.8457779999971,0.244868035190616
25.8912580000013,0.259530791788857
25.9394050000012,0.235092864125122
25.9894699999988,0.220430107526882
26.0338269999996,0.244868035190616
26.0806520000026,0.235092864125122
26.1595,0.259530791788857
26.2082019999996,0.274193548387097
26.2788720000014,0.220430107526882
26.345,0.200879765395894
26.4066960000023,0.239980449657869
26.4553540000021,0.288856304985337
26.517310999997,0.17644183773216
26.5714839999974,0.230205278592376
26.6283889999986,0.274193548387097
26.6826190000027,0.244868035190616
26.7304540000036,0.25464320625611
26.7815790000036,0.259530791788857
26.8307260000035,0.279081133919844
26.8827880000025,0.308406647116325
26.9638910000026,0.318181818181818
27.0293819999993,0.313294232649072
27.0955219999999,0.26930596285435
27.2264900000021,0.298631476050831
27.3243409999981,0.239980449657869
27.3965949999988,0.303519061583578
27.4723240000009,0.327956989247312
27.5421850000024,0.308406647116325
27.6137459999993,0.26930596285435
27.6835960000008,0.293743890518084
27.7422569999993,0.259530791788857
27.8091319999993,0.264418377321603
27.8783030000031,0.26930596285435
27.9390869999975,0.26930596285435
28.0010439999998,0.298631476050831
28.0581799999997,0.283968719452591
28.1670279999971,0.318181818181818
28.2342390000001,0.283968719452591
28.3018620000035,0.303519061583578
28.3570230000019,0.244868035190616
28.4349179999977,0.26930596285435
28.5134280000031,0.308406647116325
28.6062540000007,0.298631476050831
28.7054930000007,0.293743890518084
28.7887470000014,0.274193548387097
28.8761349999979,0.313294232649072
28.9575769999996,0.298631476050831
29.0451309999973,0.308406647116325
29.1080059999973,0.26930596285435
29.1737690000012,0.249755620723363
29.2289689999968,0.293743890518084
29.2859830000028,0.259530791788857
29.3484689999968,0.288856304985337
29.407324000001,0.298631476050831
29.4618020000011,0.323069403714565
29.5248950000033,0.239980449657869
29.5852569999993,0.264418377321603
29.6397590000033,0.230205278592376
29.6948409999981,0.283968719452591
29.7506730000004,0.298631476050831
29.8075930000022,0.264418377321603
29.8635439999998,0.293743890518084
29.9261810000017,0.244868035190616
29.9842609999999,0.298631476050831
30.0379839999974,0.283968719452591
30.0889409999996,0.239980449657869
30.1392140000015,0.249755620723363
30.1904809999987,0.220430107526882
30.2381920000017,0.259530791788857
30.3191340000033,0.279081133919844
30.3880879999995,0.288856304985337
30.4397280000001,0.308406647116325
30.4866180000007,0.313294232649072
30.540049999997,0.323069403714565
30.5892550000027,0.323069403714565
30.6415590000004,0.274193548387097
30.6875759999976,0.274193548387097
30.7372789999992,0.288856304985337
30.7893830000013,0.259530791788857
30.8414039999992,0.25464320625611
30.8920109999999,0.244868035190616
30.9447150000036,0.239980449657869
30.9993659999967,0.288856304985337
31.7965169999972,0.352394916911046
31.8456450000033,0.352394916911046
31.8948489999995,0.357282502443793
31.9421960000023,0.367057673509287
31.9929029999971,0.371945259042033
32.0388339999989,0.371945259042033
32.086825000003,0.371945259042033
32.1362140000016,0.249755620723363
32.1851630000025,0.249755620723363
32.2351660000011,0.249755620723363
32.2843849999979,0.249755620723363
32.3332800000012,0.244868035190616
32.378825000003,0.239980449657869
32.4359160000011,0.230205278592376
32.4803100000024,0.225317693059629
32.5300389999971,0.215542521994135
32.5935799999982,0.200879765395894
32.6415279999971,0.191104594330401
32.6897590000033,0.186217008797654
32.7390080000013,0.17644183773216
32.7923510000035,0.17644183773216
32.842074000001,0.166666666666667
32.8943329999968,0.191104594330401
32.9454540000036,0.191104594330401
32.9938840000033,0.235092864125122
33.0433570000008,0.244868035190616
33.0906429999992,0.239980449657869
33.1399729999974,0.239980449657869
33.2132910000011,0.244868035190616
33.2705389999971,0.25464320625611
33.3408980000019,0.264418377321603
33.3902870000005,0.26930596285435
33.4387969999984,0.279081133919844
33.4929409999996,0.279081133919844
33.5416510000005,0.288856304985337
33.5956579999998,0.293743890518084
33.6447920000032,0.298631476050831
33.6963640000001,0.308406647116325
33.7481579999998,0.274193548387097
33.7972599999979,0.323069403714565
33.8466389999986,0.327956989247312
33.8971010000035,0.26930596285435
33.9496459999979,0.239980449657869
34.0044329999983,0.225317693059629
34.0738659999967,0.230205278592376
34.1235050000027,0.235092864125122
34.1724530000016,0.239980449657869
34.2211319999993,0.235092864125122
34.2656080000028,0.235092864125122
34.3164409999996,0.235092864125122
34.3659270000011,0.235092864125122
34.4152910000011,0.230205278592376
34.4662650000006,0.230205278592376
34.517060999997,0.225317693059629
34.5658699999973,0.220430107526882
34.6152669999972,0.215542521994135
34.6693940000012,0.259530791788857
34.7214760000035,0.25464320625611
34.7684409999996,0.274193548387097
34.8192339999974,0.283968719452591
34.8665270000026,0.288856304985337
34.9174870000035,0.283968719452591
34.9677639999986,0.279081133919844
35.0161810000017,0.264418377321603
35.0658570000008,0.25464320625611
35.114949000001,0.235092864125122
35.1639540000036,0.230205278592376
35.2171950000003,0.239980449657869
35.2690389999971,0.230205278592376
35.318388000004,0.17644183773216
35.3699439999983,0.215542521994135
35.4178149999976,0.279081133919844
35.4699600000009,0.293743890518084
35.5191349999979,0.288856304985337
35.5704420000017,0.288856304985337
35.6182920000032,0.288856304985337
35.6710260000005,0.288856304985337
35.7201789999977,0.293743890518084
35.7712239999995,0.298631476050831
35.8185970000029,0.298631476050831
35.8695090000033,0.303519061583578
35.9178859999999,0.308406647116325
35.9699839999974,0.298631476050831
36.0201649999991,0.244868035190616
36.0732569999993,0.235092864125122
36.1218900000006,0.239980449657869
36.1799170000032,0.244868035190616
36.2244799999967,0.225317693059629
36.2732030000016,0.230205278592376
36.321825000003,0.230205278592376
36.3673269999996,0.230205278592376
36.4205139999986,0.230205278592376
36.4657280000001,0.239980449657869
36.5196730000004,0.235092864125122
36.569313000001,0.220430107526882
36.6217409999967,0.215542521994135
36.6737480000034,0.215542521994135
36.7204120000005,0.210654936461388
36.7703680000007,0.210654936461388
36.8222299999967,0.230205278592376
36.8738090000004,0.235092864125122
36.9246019999981,0.235092864125122
36.9721950000003,0.259530791788857
37.0226429999992,0.264418377321603
37.0743830000013,0.259530791788857
37.125873999998,0.274193548387097
37.1788360000029,0.283968719452591
37.2280670000017,0.26930596285435
37.2777390000001,0.249755620723363
37.3256140000001,0.239980449657869
37.3761279999986,0.235092864125122
37.4235530000031,0.225317693059629
37.4747400000021,0.225317693059629
37.522612999998,0.230205278592376
37.5728060000017,0.235092864125122
37.624501000002,0.230205278592376
37.6746979999989,0.235092864125122
37.7242079999968,0.235092864125122
37.7750169999972,0.235092864125122
37.8250370000005,0.244868035190616
37.8759540000036,0.239980449657869
37.9248039999977,0.249755620723363
37.9765150000006,0.244868035190616
38.0232269999981,0.239980449657869
38.0710560000017,0.239980449657869
38.1201450000033,0.235092864125122
38.1754160000011,0.235092864125122
38.2238070000038,0.239980449657869
38.2802740000039,0.25464320625611
38.3758669999987,0.249755620723363
38.427813000001,0.244868035190616
38.477873999998,0.239980449657869
38.526575000003,0.249755620723363
38.5770829999968,0.244868035190616
38.6250200000033,0.244868035190616
38.6731230000034,0.230205278592376
38.7264420000017,0.244868035190616
38.7765989999995,0.239980449657869
38.8254350000024,0.249755620723363
38.8747639999986,0.230205278592376
38.9242409999967,0.230205278592376
38.9726649999991,0.235092864125122
39.0267110000029,0.235092864125122
39.0760490000024,0.249755620723363
39.1240350000039,0.244868035190616
39.1782309999987,0.259530791788857
39.2273819999993,0.25464320625611
39.2757019999996,0.249755620723363
39.3283800000027,0.25464320625611
39.378001000002,0.264418377321603
39.4277870000005,0.249755620723363
39.4779849999994,0.195992179863147
39.5294790000021,0.205767350928641
39.5806579999998,0.191104594330401
39.6293070000038,0.186217008797654
39.6800080000013,0.195992179863147
39.7256710000038,0.283968719452591
39.7745329999998,0.313294232649072
39.8239739999995,0.313294232649072
39.8735539999977,0.308406647116325
39.9283180000037,0.308406647116325
39.9815059999973,0.308406647116325
40.030625,0.308406647116325
40.0806099999994,0.308406647116325
40.127998999998,0.313294232649072
40.1827709999978,0.313294232649072
40.2313540000021,0.274193548387097
40.2812229999974,0.225317693059629
40.3322840000018,0.239980449657869
40.3825439999998,0.215542521994135
40.4480649999976,0.210654936461388
40.5179200000018,0.210654936461388
40.6027559999973,0.210654936461388
40.6515790000036,0.205767350928641
40.7018959999979,0.195992179863147
40.7495560000017,0.195992179863147
40.8005710000023,0.195992179863147
40.8486969999969,0.191104594330401
40.8984839999974,0.264418377321603
40.9463290000036,0.298631476050831
40.9949600000009,0.298631476050831
41.0446480000019,0.293743890518084
41.0937760000005,0.288856304985337
41.1430429999977,0.288856304985337
41.1922070000023,0.279081133919844
41.2497330000028,0.288856304985337
41.3036230000034,0.288856304985337
41.3558940000012,0.279081133919844
41.4058830000013,0.26930596285435
41.4683650000021,0.279081133919844
41.5295970000029,0.274193548387097
41.5855850000009,0.279081133919844
41.6362250000015,0.274193548387097
41.7006019999981,0.283968719452591
41.7616899999976,0.26930596285435
41.814612999998,0.279081133919844
41.863310999997,0.283968719452591
41.9169280000031,0.279081133919844
41.9718039999977,0.25464320625611
42.0232899999991,0.25464320625611
42.0728540000021,0.249755620723363
42.1214560000002,0.249755620723363
42.1765960000008,0.249755620723363
42.2284090000019,0.26930596285435
42.2813570000008,0.279081133919844
42.3306719999984,0.283968719452591
42.3843640000001,0.279081133919844
42.434074000001,0.308406647116325
42.485811999999,0.313294232649072
42.5382719999999,0.308406647116325
42.5888100000024,0.298631476050831
42.6427730000019,0.303519061583578
42.7076030000001,0.283968719452591
42.7570549999997,0.283968719452591
42.8067700000033,0.279081133919844
42.8558659999967,0.259530791788857
42.9203379999995,0.244868035190616
42.9728470000029,0.215542521994135
43.0233540000021,0.220430107526882
43.0745829999968,0.220430107526882
43.1255780000016,0.220430107526882
43.1829230000004,0.244868035190616
43.2381579999998,0.274193548387097
43.292751000002,0.288856304985337
43.3433859999999,0.303519061583578
43.3877550000027,0.293743890518084
43.4754640000016,0.283968719452591
43.5238549999967,0.279081133919844
43.583449000001,0.26930596285435
43.6292899999991,0.264418377321603
43.678686999999,0.244868035190616
43.7277430000007,0.225317693059629
43.7850160000026,0.235092864125122
43.8346330000013,0.239980449657869
43.8885069999993,0.249755620723363
43.9429560000002,0.25464320625611
43.9935,0.274193548387097
44.0437079999968,0.293743890518084
44.0924149999991,0.288856304985337
44.1449120000005,0.283968719452591
44.2021059999988,0.26930596285435
44.2881199999973,0.239980449657869
44.3373840000033,0.225317693059629
44.3865549999997,0.210654936461388
44.4376620000005,0.210654936461388
44.4903800000027,0.215542521994135
44.5438379999995,0.25464320625611
44.5934469999969,0.264418377321603
44.6452519999966,0.26930596285435
44.6940939999968,0.279081133919844
44.7477669999972,0.283968719452591
44.795987999998,0.26930596285435
44.8465780000016,0.25464320625611
44.8942800000012,0.235092864125122
44.9449350000024,0.210654936461388
44.9940979999974,0.215542521994135
45.0447939999998,0.205767350928641
45.0956590000018,0.230205278592376
45.145689000003,0.249755620723363
45.2018659999967,0.288856304985337
45.2474399999976,0.298631476050831
45.2957400000021,0.308406647116325
45.346189000003,0.303519061583578
45.3949160000011,0.288856304985337
45.4443020000011,0.264418377321603
45.4936939999983,0.244868035190616
45.542998999998,0.225317693059629
45.5908779999986,0.220430107526882
45.6402910000011,0.205767350928641
45.6933969999999,0.220430107526882
45.7435289999992,0.244868035190616
45.795987999998,0.26930596285435
45.8465820000023,0.283968719452591
45.8956110000014,0.298631476050831
45.9449870000035,0.283968719452591
45.991688000001,0.283968719452591
46.0405939999968,0.259530791788857
46.0909469999969,0.239980449657869
46.139362999998,0.225317693059629
46.1915289999992,0.215542521994135
46.2426140000001,0.225317693059629
46.295564000003,0.235092864125122
46.3497800000012,0.25464320625611
46.4064029999971,0.25464320625611
46.4593680000007,0.264418377321603
46.5081049999967,0.26930596285435
46.5579350000024,0.274193548387097
46.6255460000038,0.26930596285435
46.688626000002,0.259530791788857
46.7415460000038,0.25464320625611
46.79625,0.264418377321603
46.844074000001,0.264418377321603
46.8983369999975,0.26930596285435
46.9509860000014,0.259530791788857
46.9997550000027,0.25464320625611
47.0490319999978,0.25464320625611
47.1003959999979,0.25464320625611
47.1513599999994,0.259530791788857
47.1985359999984,0.26930596285435
47.2452840000019,0.26930596285435
47.2942819999978,0.26930596285435
47.3484739999995,0.283968719452591
47.4013580000028,0.279081133919844
47.4500799999982,0.274193548387097
47.5032590000033,0.26930596285435
47.5496450000033,0.264418377321603
47.5990370000005,0.26930596285435
47.651185999997,0.264418377321603
47.6971140000001,0.26930596285435
47.7504090000019,0.264418377321603
47.8004619999975,0.274193548387097
47.8517829999998,0.259530791788857
47.9029079999998,0.259530791788857
47.9512430000007,0.25464320625611
47.9984860000014,0.264418377321603
48.0526279999986,0.25464320625611
48.1033969999999,0.25464320625611
48.151748999998,0.249755620723363
48.2091110000014,0.239980449657869
48.2576180000007,0.235092864125122
48.3065790000036,0.230205278592376
48.3548919999972,0.235092864125122
48.4058409999982,0.244868035190616
48.4538900000006,0.25464320625611
48.5049560000002,0.259530791788857
48.5616459999979,0.26930596285435
48.622261,0.274193548387097
48.6749109999985,0.279081133919844
48.7241529999971,0.298631476050831
48.7737309999987,0.293743890518084
48.8224469999969,0.239980449657869
48.8731080000028,0.195992179863147
48.9209720000029,0.205767350928641
48.9726719999984,0.210654936461388
49.0227440000027,0.210654936461388
49.074248999998,0.215542521994135
49.1219409999997,0.215542521994135
49.1744579999968,0.210654936461388
49.2235029999986,0.210654936461388
49.2777019999996,0.205767350928641
49.3341560000032,0.200879765395894
49.3879050000012,0.195992179863147
49.4385450000018,0.191104594330401
49.4899659999982,0.186217008797654
49.5413409999981,0.225317693059629
49.5891660000011,0.25464320625611
49.6401560000032,0.259530791788857
49.6867239999995,0.249755620723363
49.741814000003,0.274193548387097
49.7893889999986,0.279081133919844
49.8402870000005,0.274193548387097
49.8912859999985,0.274193548387097
49.9417030000016,0.274193548387097
49.9896340000033,0.279081133919844
50.0400879999995,0.279081133919844
50.0891550000012,0.279081133919844
50.1378589999974,0.283968719452591
50.1907049999982,0.264418377321603
50.2578640000001,0.239980449657869
50.3067950000018,0.225317693059629
50.3555410000011,0.230205278592376
50.4035429999977,0.235092864125122
50.452689000003,0.239980449657869
50.5013940000013,0.264418377321603
50.5501220000014,0.279081133919844
50.5997749999985,0.288856304985337
50.6488779999986,0.293743890518084
50.6990190000013,0.293743890518084
50.7472409999967,0.293743890518084
50.7930989999995,0.279081133919844
50.8456319999993,0.293743890518084
50.8946820000038,0.274193548387097
50.9409120000005,0.264418377321603
50.9930450000018,0.26930596285435
51.0435359999984,0.26930596285435
51.092814000003,0.279081133919844
51.1408180000037,0.259530791788857
51.1958409999981,0.259530791788857
51.2474699999988,0.274193548387097
51.2935710000023,0.259530791788857
51.3425920000002,0.259530791788857
51.3947320000008,0.26930596285435
51.4448720000014,0.264418377321603
51.5016419999972,0.274193548387097
51.5642100000009,0.288856304985337
51.6244230000004,0.26930596285435
51.6780069999993,0.274193548387097
51.7384170000032,0.264418377321603
51.7883420000002,0.25464320625611
51.836825000003,0.274193548387097
51.8868599999994,0.279081133919844
51.9352939999998,0.283968719452591
51.9836429999992,0.283968719452591
52.0303379999995,0.293743890518084
52.0808159999996,0.288856304985337
52.1287370000035,0.283968719452591
52.1815279999971,0.288856304985337
52.2312009999976,0.288856304985337
52.2809860000014,0.283968719452591
52.3296030000001,0.274193548387097
52.3787690000013,0.259530791788857
52.4272899999991,0.25464320625611
52.4811450000033,0.259530791788857
52.5296359999999,0.259530791788857
52.5786710000038,0.25464320625611
52.6271070000008,0.264418377321603
52.6764329999983,0.249755620723363
52.730799999997,0.264418377321603
52.7803149999976,0.264418377321603
52.871564000003,0.264418377321603
52.9348540000021,0.25464320625611
52.9842119999975,0.264418377321603
53.0334720000029,0.259530791788857
53.0822180000022,0.259530791788857
53.1360029999986,0.26930596285435
53.1885139999986,0.249755620723363
53.237439000003,0.249755620723363
53.286388000004,0.25464320625611
53.3363940000013,0.25464320625611
53.3848060000017,0.264418377321603
53.4394409999996,0.264418377321603
53.4917110000029,0.235092864125122
53.5450649999976,0.249755620723363
53.5943219999969,0.25464320625611
53.6483100000024,0.264418377321603
53.7023030000031,0.26930596285435
53.7501649999991,0.264418377321603
53.8023800000027,0.264418377321603
53.8607599999979,0.235092864125122
53.9133549999967,0.259530791788857
53.963060999997,0.249755620723363
54.0167079999968,0.25464320625611
54.0652239999995,0.25464320625611
54.1142889999971,0.25464320625611
54.1828159999996,0.259530791788857
54.235188000001,0.249755620723363
54.2865139999986,0.244868035190616
54.3580329999998,0.230205278592376
54.4383730000034,0.264418377321603
54.5081820000038,0.25464320625611
54.5749299999997,0.249755620723363
54.6388659999967,0.249755620723363
54.6963470000029,0.259530791788857
54.766175999999,0.264418377321603
54.8319629999995,0.264418377321603
54.8977810000032,0.244868035190616
54.9910729999989,0.230205278592376
55.0520389999971,0.25464320625611
55.1136719999984,0.264418377321603
55.1760810000002,0.235092864125122
55.2398329999968,0.239980449657869
55.3055879999995,0.25464320625611
55.3694750000015,0.274193548387097
55.4344680000022,0.274193548387097
55.4994560000003,0.274193548387097
55.5654280000031,0.279081133919844
55.6260839999989,0.264418377321603
55.6921199999973,0.249755620723363
55.7579680000022,0.220430107526882
55.8269399999976,0.205767350928641
55.8925059999973,0.205767350928641
55.9573390000016,0.205767350928641
56.0317189999968,0.244868035190616
56.0935539999977,0.244868035190616
56.1628699999973,0.25464320625611
56.236424999997,0.26930596285435
56.2971700000018,0.26930596285435
56.3669399999976,0.274193548387097
56.4367459999993,0.264418377321603
56.5036099999994,0.274193548387097
56.5753449999988,0.244868035190616
56.6398570000008,0.244868035190616
56.7041070000008,0.26930596285435
56.7693919999972,0.259530791788857
56.8370539999977,0.249755620723363
56.9041550000012,0.264418377321603
56.9617210000008,0.244868035190616
57.0344259999991,0.259530791788857
57.0965900000036,0.249755620723363
57.1619430000037,0.235092864125122
57.2352320000008,0.259530791788857
57.2967580000013,0.244868035190616
57.3596920000017,0.230205278592376
57.4252829999998,0.235092864125122
57.4853919999972,0.249755620723363
57.5494430000037,0.249755620723363
57.6094460000023,0.230205278592376
57.6710600000024,0.259530791788857
57.7396560000032,0.230205278592376
57.804936999999,0.244868035190616
57.8709240000024,0.244868035190616
57.9411950000003,0.244868035190616
58.0069849999994,0.239980449657869
58.0764420000017,0.239980449657869
58.1403640000001,0.239980449657869
58.2036110000014,0.264418377321603
58.2777950000018,0.235092864125122
58.3425829999968,0.230205278592376
58.4134120000005,0.235092864125122
58.4735179999992,0.239980449657869
58.5480219999999,0.239980449657869
58.6075410000011,0.225317693059629
58.6730839999989,0.235092864125122
58.7334769999981,0.259530791788857
58.8008669999987,0.264418377321603
58.8680710000023,0.25464320625611
58.9320989999995,0.26930596285435
59.0005460000038,0.26930596285435
59.0710050000027,0.264418377321603
59.1408800000027,0.25464320625611
59.2092409999967,0.244868035190616
59.280424999997,0.25464320625611
59.3520579999983,0.26930596285435
59.4236939999983,0.25464320625611
59.4844870000035,0.274193548387097
59.5492470000014,0.274193548387097
59.6109340000004,0.259530791788857
59.6767779999971,0.239980449657869
59.7420490000025,0.244868035190616
59.8066660000011,0.274193548387097
59.8706319999993,0.274193548387097
59.9396850000024,0.26930596285435
60.0073409999982,0.26930596285435
60.0706400000006,0.25464320625611
60.136575000003,0.264418377321603
60.2068479999974,0.25464320625611
60.2748280000016,0.235092864125122
60.3403070000038,0.239980449657869
60.4050989999995,0.259530791788857
60.4707070000023,0.264418377321603
60.5383599999994,0.264418377321603
60.5948859999999,0.244868035190616
60.6557089999989,0.249755620723363
60.7258049999997,0.244868035190616
60.7909020000026,0.239980449657869
60.8573570000008,0.239980449657869
60.9218929999992,0.25464320625611
60.9917929999977,0.235092864125122
61.0570209999979,0.25464320625611
61.1195490000024,0.26930596285435
61.1883280000016,0.264418377321603
61.2421639999971,0.244868035190616
61.3077440000027,0.25464320625611
61.3739149999991,0.244868035190616
61.4400979999974,0.259530791788857
61.5079909999967,0.25464320625611
61.5820160000026,0.244868035190616
61.65125,0.259530791788857
61.7115810000002,0.230205278592376
61.7775829999968,0.239980449657869
61.8414839999974,0.239980449657869
61.9099629999995,0.230205278592376
61.9734970000014,0.25464320625611
62.0361290000007,0.244868035190616
62.0977079999968,0.249755620723363
62.158625,0.225317693059629
62.2240300000012,0.244868035190616
62.2899409999996,0.244868035190616
62.3571180000007,0.264418377321603
62.4167320000008,0.274193548387097
62.4772239999995,0.239980449657869
62.5444530000016,0.239980449657869
62.6019750000015,0.259530791788857
62.6618599999994,0.235092864125122
62.7274079999998,0.239980449657869
62.8161359999999,0.220430107526882
62.9171269999966,0.244868035190616
63.0026600000039,0.230205278592376
63.0812470000014,0.235092864125122
63.188612999998,0.249755620723363
63.3048830000013,0.239980449657869
63.4026469999999,0.259530791788857
63.5190790000036,0.259530791788857
63.6464450000003,0.244868035190616
63.7356450000033,0.26930596285435
63.8303510000035,0.25464320625611
63.9473530000001,0.259530791788857
64.0332349999994,0.249755620723363
64.149938000001,0.259530791788857
64.2187950000018,0.26930596285435
64.2816209999993,0.244868035190616
64.3406850000024,0.25464320625611
64.4087390000001,0.249755620723363
64.4766330000013,0.244868035190616
64.5511469999999,0.259530791788857
64.6332019999996,0.239980449657869
64.7032540000007,0.26930596285435
64.7773940000013,0.244868035190616
64.8502910000011,0.259530791788857
64.9233409999981,0.249755620723363
64.9994420000017,0.249755620723363
65.0748669999987,0.239980449657869
65.156925999999,0.249755620723363
65.2397330000028,0.26930596285435
65.3147859999984,0.244868035190616
65.383949000001,0.259530791788857
65.4485240000039,0.25464320625611
65.5197939999998,0.26930596285435
65.5878049999997,0.264418377321603
65.6539530000016,0.26930596285435
65.7180960000008,0.26930596285435
65.8020029999986,0.259530791788857
65.8663439999968,0.244868035190616
65.926189000003,0.249755620723363
65.978824000001,0.239980449657869
66.0282449999973,0.235092864125122
66.0828170000017,0.239980449657869
66.1348669999987,0.235092864125122
66.1853800000027,0.259530791788857
66.237564000003,0.264418377321603
66.2864760000035,0.26930596285435
66.3368640000001,0.264418377321603
66.3849039999992,0.264418377321603
66.4305069999993,0.259530791788857
66.4840399999991,0.264418377321603
66.5372590000033,0.26930596285435
66.5857260000035,0.26930596285435
66.6307419999987,0.259530791788857
66.7089050000012,0.25464320625611
66.758126000002,0.244868035190616
66.8143720000014,0.25464320625611
66.8637290000022,0.244868035190616
66.9206660000011,0.25464320625611
66.9719570000023,0.259530791788857
67.0196679999977,0.25464320625611
67.0733849999979,0.244868035190616
67.1216630000025,0.249755620723363
67.1669560000002,0.25464320625611
67.2203500000015,0.259530791788857
67.2737320000008,0.25464320625611
67.3221630000025,0.25464320625611
67.3686799999997,0.25464320625611
67.4186740000024,0.259530791788857
67.4653030000031,0.25464320625611
67.5195249999985,0.259530791788857
67.5732829999998,0.25464320625611
67.622060999997,0.25464320625611
67.6742370000035,0.259530791788857
67.7208449999988,0.25464320625611
67.7710219999999,0.264418377321603
67.822064000003,0.259530791788857
67.8743720000014,0.259530791788857
67.9213800000027,0.259530791788857
67.9735960000008,0.25464320625611
68.0234090000019,0.25464320625611
68.0744280000031,0.25464320625611
68.1250960000008,0.235092864125122
68.1756279999986,0.249755620723363
68.2236099999994,0.25464320625611
68.2756649999991,0.259530791788857
68.3235909999982,0.249755620723363
68.3747089999989,0.25464320625611
68.4239020000026,0.25464320625611
68.4760099999979,0.25464320625611
68.5271799999997,0.239980449657869
68.5766730000004,0.235092864125122
68.6250019999966,0.244868035190616
68.6754350000024,0.249755620723363
68.7245539999977,0.244868035190616
68.7754270000011,0.244868035190616
68.8219109999985,0.249755620723363
68.8726829999983,0.244868035190616
68.9197730000019,0.25464320625611
68.9689689999968,0.259530791788857
69.0238969999999,0.25464320625611
69.0714860000014,0.249755620723363
69.1257210000008,0.230205278592376
69.1766340000033,0.235092864125122
69.2276620000005,0.230205278592376
69.2775759999976,0.235092864125122
69.3261010000035,0.239980449657869
69.3770970000029,0.249755620723363
69.4248219999969,0.239980449657869
69.4737250000015,0.25464320625611
69.5262770000026,0.239980449657869
69.5777910000011,0.244868035190616
69.6265549999997,0.239980449657869
69.6741810000017,0.239980449657869
69.722237999998,0.249755620723363
69.7773800000027,0.249755620723363
69.826563000001,0.249755620723363
69.8753510000035,0.244868035190616
69.9237819999978,0.239980449657869
69.9728589999974,0.239980449657869
70.0300050000027,0.235092864125122
70.0799240000024,0.225317693059629
70.1285869999975,0.235092864125122
70.1792239999995,0.235092864125122
70.2282819999978,0.239980449657869
70.2806579999998,0.239980449657869
70.3371459999979,0.264418377321603
70.3900820000023,0.264418377321603
70.440200000003,0.249755620723363
70.4942229999974,0.244868035190616
70.5481199999973,0.239980449657869
70.5968489999995,0.235092864125122
70.6475710000023,0.230205278592376
70.698112999998,0.230205278592376
70.7478730000034,0.230205278592376
70.7966700000018,0.225317693059629
70.8470879999995,0.230205278592376
70.8955820000023,0.230205278592376
70.9478489999995,0.230205278592376
70.9974589999989,0.230205278592376
71.0469090000018,0.230205278592376
71.0965019999966,0.230205278592376
71.1490920000002,0.239980449657869
71.2056480000019,0.26930596285435
71.2909830000028,0.259530791788857
71.3622910000011,0.235092864125122
71.4110059999973,0.235092864125122
71.4648489999995,0.235092864125122
71.5145979999974,0.235092864125122
71.5656269999966,0.239980449657869
71.6172040000036,0.230205278592376
71.666575000003,0.230205278592376
71.7157060000002,0.235092864125122
71.7672409999967,0.235092864125122
71.8120209999979,0.225317693059629
71.8660219999999,0.235092864125122
71.9147159999982,0.239980449657869
71.9635790000036,0.230205278592376
72.0165340000019,0.235092864125122
72.0622870000005,0.230205278592376
72.116001000002,0.235092864125122
72.1646019999981,0.244868035190616
72.2174130000025,0.25464320625611
72.2700939999968,0.25464320625611
72.3167320000008,0.25464320625611
72.3643510000035,0.244868035190616
72.4182370000035,0.249755620723363
72.4692049999982,0.244868035190616
72.5208310000002,0.25464320625611
72.5732749999985,0.259530791788857
72.6194029999971,0.25464320625611
72.6706410000026,0.239980449657869
72.7253929999992,0.239980449657869
72.7866459999979,0.25464320625611
72.8396490000039,0.259530791788857
72.8891480000019,0.259530791788857
72.9382980000004,0.25464320625611
72.9878189999983,0.25464320625611
73.0388500000015,0.249755620723363
73.0853959999979,0.25464320625611
73.1376140000001,0.239980449657869
73.1885560000017,0.259530791788857
73.2385190000013,0.259530791788857
73.290574000001,0.259530791788857
73.3398919999972,0.264418377321603
73.3884560000002,0.264418377321603
73.4393379999995,0.264418377321603
73.4916740000024,0.264418377321603
73.5405790000036,0.25464320625611
73.5894919999987,0.259530791788857
73.6396550000012,0.259530791788857
73.6879469999969,0.259530791788857
73.7336469999999,0.239980449657869
73.7905759999975,0.25464320625611
73.8405219999999,0.25464320625611
73.8891180000007,0.264418377321603
73.9423980000019,0.25464320625611
73.9911120000035,0.25464320625611
74.0414340000004,0.259530791788857
74.0893219999969,0.264418377321603
74.1409720000029,0.259530791788857
74.1905939999968,0.264418377321603
74.2417110000029,0.264418377321603
74.2929090000018,0.244868035190616
74.3424280000031,0.25464320625611
74.3889689999968,0.259530791788857
74.4426389999986,0.259530791788857
74.4904760000035,0.25464320625611
74.5418680000007,0.259530791788857
74.5890989999995,0.259530791788857
74.6408489999995,0.249755620723363
74.6915329999998,0.259530791788857
74.7426150000021,0.25464320625611
74.7935069999993,0.244868035190616
74.8439450000003,0.25464320625611
74.8919060000032,0.239980449657869
74.9430649999976,0.259530791788857
74.9910680000037,0.264418377321603
75.0415539999977,0.264418377321603
75.0924900000021,0.259530791788857
75.143438000001,0.264418377321603
75.1917990000024,0.259530791788857
75.2452660000026,0.239980449657869
75.2973360000029,0.239980449657869
75.3503310000002,0.235092864125122
75.3949710000009,0.235092864125122
75.4430719999969,0.25464320625611
75.4943990000039,0.25464320625611
75.5446829999983,0.249755620723363
75.5934720000028,0.239980449657869
75.6428620000035,0.249755620723363
75.6918310000002,0.249755620723363
75.7405450000018,0.259530791788857
75.7966730000004,0.235092864125122
75.846199000001,0.235092864125122
75.8958009999991,0.239980449657869
75.9458610000014,0.249755620723363
75.9946049999967,0.244868035190616
76.0467889999971,0.239980449657869
76.0962679999992,0.239980449657869
76.1415570000038,0.249755620723363
76.1951520000026,0.249755620723363
76.2472840000019,0.230205278592376
76.3008559999988,0.235092864125122
76.3535509999991,0.244868035190616
76.4026450000033,0.25464320625611
76.4615109999999,0.244868035190616
76.5108910000026,0.239980449657869
76.5634739999995,0.239980449657869
76.6143299999982,0.239980449657869
76.6622950000018,0.235092864125122
76.7112709999979,0.239980449657869
76.7596000000015,0.235092864125122
76.8151049999967,0.235092864125122
76.8627449999973,0.239980449657869
76.9122339999974,0.244868035190616
76.9619100000039,0.239980449657869
77.0094149999991,0.249755620723363
77.0579799999967,0.249755620723363
77.1071969999969,0.259530791788857
77.164688000001,0.230205278592376
77.2177480000034,0.230205278592376
77.2674909999967,0.230205278592376
77.3175649999976,0.230205278592376
77.3837800000012,0.235092864125122
77.4356220000014,0.244868035190616
77.4852030000016,0.235092864125122
77.5337180000022,0.230205278592376
77.584063000001,0.230205278592376
77.6331059999987,0.230205278592376
77.6829830000028,0.235092864125122
77.7324720000029,0.230205278592376
77.7845689999983,0.239980449657869
77.8331389999986,0.239980449657869
77.8834130000025,0.239980449657869
77.9351099999994,0.239980449657869
77.9850410000011,0.244868035190616
78.033748999998,0.244868035190616
78.0867969999984,0.249755620723363
78.1331140000001,0.239980449657869
78.1819010000005,0.235092864125122
78.2343919999972,0.239980449657869
78.2789739999995,0.239980449657869
78.3341490000039,0.239980449657869
78.3845240000039,0.239980449657869
78.4361950000003,0.244868035190616
78.4839780000001,0.244868035190616
78.5353030000031,0.235092864125122
78.586188000001,0.235092864125122
78.6379970000014,0.244868035190616
78.698436999999,0.239980449657869
78.7512480000034,0.239980449657869
78.8035560000017,0.249755620723363
78.8517110000029,0.239980449657869
78.9031649999991,0.249755620723363
78.9548219999969,0.25464320625611
79.0059739999995,0.249755620723363
79.0530700000003,0.264418377321603
79.1050450000018,0.249755620723363
79.1709629999995,0.244868035190616
79.2183720000014,0.249755620723363
79.271560999997,0.259530791788857
79.3237700000033,0.274193548387097
79.3731679999977,0.279081133919844
79.4221089999974,0.283968719452591
79.4724160000011,0.26930596285435
79.5246309999973,0.274193548387097
79.5735420000032,0.274193548387097
79.6217440000027,0.259530791788857
79.6733610000014,0.259530791788857
79.7207199999988,0.259530791788857
79.7739890000001,0.239980449657869
79.8227060000002,0.26930596285435
79.8731679999977,0.26930596285435
79.9215530000031,0.25464320625611
79.9665820000023,0.239980449657869
80.0197929999977,0.239980449657869
80.0696169999987,0.239980449657869
80.1223439999968,0.249755620723363
80.1741520000026,0.259530791788857
80.2244680000022,0.264418377321603
80.2743449999988,0.264418377321603
80.3223030000031,0.249755620723363
80.3747980000004,0.244868035190616
80.4221850000024,0.25464320625611
80.4741490000039,0.244868035190616
80.5427110000029,0.230205278592376
80.5936960000023,0.259530791788857
80.6437449999973,0.25464320625611
80.6910329999998,0.244868035190616
80.742637000002,0.249755620723363
80.7898350000009,0.249755620723363
80.8422910000011,0.25464320625611
80.8915909999981,0.25464320625611
80.9425200000033,0.25464320625611
80.9912269999981,0.264418377321603
81.0428699999973,0.264418377321603
81.0930960000008,0.259530791788857
81.1439149999991,0.259530791788857
81.1911120000035,0.259530791788857
81.2577829999998,0.25464320625611
81.3076969999969,0.259530791788857
81.3592569999993,0.259530791788857
81.4096359999999,0.259530791788857
81.4589439999983,0.249755620723363
81.5083699999973,0.244868035190616
81.5623809999973,0.249755620723363
81.6106429999992,0.239980449657869
81.6592470000014,0.25464320625611
81.710125,0.264418377321603
81.7608020000011,0.259530791788857
81.8059020000026,0.259530791788857
81.8600319999978,0.259530791788857
81.9092440000027,0.259530791788857
81.957638000004,0.259530791788857
82.0064409999997,0.259530791788857
82.0596059999988,0.25464320625611
82.1098290000036,0.259530791788857
82.1584870000035,0.249755620723363
82.2081290000007,0.25464320625611
82.2561909999996,0.249755620723363
82.3051939999983,0.244868035190616
82.3594750000015,0.249755620723363
82.4127220000029,0.239980449657869
82.4618589999974,0.249755620723363
82.5128959999979,0.259530791788857
82.5601920000017,0.259530791788857
82.6092170000002,0.25464320625611
82.6622210000008,0.25464320625611
82.7157030000016,0.230205278592376
82.7638510000035,0.235092864125122
82.8153420000002,0.244868035190616
82.8644900000021,0.239980449657869
82.9137660000026,0.249755620723363
82.9647220000029,0.239980449657869
83.0108580000028,0.249755620723363
83.0637419999987,0.244868035190616
83.1123500000015,0.249755620723363
83.1629050000012,0.249755620723363
83.2114010000005,0.249755620723363
83.2638390000016,0.244868035190616
83.3152529999986,0.239980449657869
83.3628929999992,0.235092864125122
83.4121930000037,0.249755620723363
83.4655509999991,0.244868035190616
83.5160139999986,0.244868035190616
83.567200000003,0.225317693059629
83.6170469999984,0.225317693059629
83.6653999999985,0.225317693059629
83.7171070000008,0.239980449657869
83.766762000002,0.215542521994135
83.8172400000021,0.230205278592376
83.8659699999988,0.239980449657869
83.9167910000011,0.25464320625611
83.9653589999974,0.259530791788857
84.0149540000036,0.25464320625611
84.0632150000036,0.244868035190616
84.1118840000033,0.230205278592376
84.1657980000004,0.215542521994135
84.2162290000021,0.181329423264907
84.2683690000027,0.181329423264907
84.3130279999971,0.186217008797654
84.3682260000035,0.210654936461388
84.4170939999968,0.25464320625611
84.4688109999969,0.259530791788857
84.5173889999986,0.274193548387097
84.568825000003,0.308406647116325
84.6190150000006,0.249755620723363
84.7223790000007,0.127565982404692
84.8180139999986,0.0835777126099706
85.0192419999987,0.108015640273705
85.1067110000029,0.122678396871945
85.157050999999,0.127565982404692
85.2057470000014,0.127565982404692
85.2544799999967,0.127565982404692
85.304049999997,0.127565982404692
85.3568940000012,0.171554252199413
85.4056799999997,0.230205278592376
85.4549020000026,0.235092864125122
85.5065439999998,0.230205278592376
85.5732129999995,0.152003910068426
85.619563000001,0.142228739002932
85.6745350000039,0.117790811339198
85.7592829999998,0.127565982404692
85.8538379999995,0.132453567937439
85.9404329999983,0.244868035190616
85.9877269999981,0.230205278592376
86.0410659999996,0.220430107526882
86.0887810000032,0.220430107526882
86.1403540000021,0.215542521994135
86.1957019999996,0.215542521994135
86.245075000003,0.127565982404692
86.2981630000025,0.103128054740958
86.3855260000005,0.112903225806452
86.4781169999987,0.122678396871945
86.5281490000039,0.127565982404692
86.5859270000011,0.132453567937439
86.6343079999983,0.137341153470186
86.6914589999989,0.220430107526882
86.7420340000018,0.215542521994135
86.7898519999981,0.215542521994135
86.8420729999989,0.26930596285435
86.8924870000035,0.25464320625611
86.9369729999974,0.244868035190616
86.9912170000002,0.171554252199413
87.0424310000017,0.166666666666667
87.0930190000012,0.230205278592376
87.1433650000021,0.225317693059629
87.191563000001,0.225317693059629
87.2617360000014,0.230205278592376
87.3110560000017,0.235092864125122
87.3596620000005,0.239980449657869
87.4118400000036,0.244868035190616
87.4592580000013,0.249755620723363
87.510185999997,0.210654936461388
87.5578390000015,0.205767350928641
87.6050920000002,0.195992179863147
87.6586820000038,0.191104594330401
87.7087280000001,0.16177908113392
87.756248999998,0.166666666666667
87.8139739999994,0.166666666666667
87.8628329999968,0.16177908113392
87.9155890000015,0.166666666666667
87.9614230000004,0.166666666666667
88.0113599999994,0.16177908113392
88.0607829999998,0.16177908113392
88.1216059999987,0.156891495601173
88.1829109999984,0.147116324535679
88.2310420000031,0.191104594330401
88.2783350000009,0.225317693059629
88.3266419999972,0.259530791788857
88.3755169999972,0.25464320625611
88.4255019999966,0.259530791788857
88.472313000001,0.259530791788857
88.5220059999973,0.264418377321603
88.5719629999995,0.249755620723363
88.6243610000014,0.220430107526882
88.6742519999966,0.225317693059629
88.7230780000016,0.220430107526882
88.7716169999987,0.186217008797654
88.8267870000005,0.181329423264907
88.8757129999995,0.200879765395894
88.9287920000031,0.230205278592376
88.9787910000011,0.274193548387097
89.0262129999995,0.283968719452591
89.0757140000016,0.279081133919844
89.1301620000005,0.259530791788857
89.1867980000004,0.244868035190616
89.2302920000032,0.25464320625611
89.2814069999978,0.274193548387097
89.3303900000006,0.25464320625611
89.3829350000024,0.249755620723363
89.4294849999994,0.25464320625611
89.4779619999975,0.293743890518084
89.532450000003,0.293743890518084
89.591489,0.298631476050831
89.6403659999967,0.298631476050831
89.694739,0.283968719452591
89.7482639999986,0.26930596285435
89.7980069999993,0.264418377321603
89.8501510000005,0.244868035190616
89.8995080000013,0.210654936461388
89.9497960000038,0.200879765395894
89.9979610000029,0.205767350928641
90.0457150000036,0.205767350928641
90.0958669999987,0.210654936461388
90.1445469999984,0.220430107526882
90.1980150000006,0.210654936461388
90.2546740000024,0.210654936461388
90.3034299999997,0.210654936461388
90.353763000004,0.215542521994135
90.4026730000004,0.215542521994135
90.4497440000027,0.235092864125122
90.5009299999997,0.244868035190616
90.5514780000001,0.239980449657869
90.6039299999997,0.230205278592376
90.6522569999993,0.215542521994135
90.7027819999978,0.215542521994135
90.7558769999966,0.215542521994135
90.8043650000021,0.220430107526882
90.8528449999988,0.215542521994135
90.9037980000004,0.215542521994135
90.9515279999971,0.220430107526882
91.0032679999992,0.225317693059629
91.0505399999991,0.220430107526882
91.1017850000039,0.235092864125122
91.1483159999997,0.230205278592376
91.1967519999966,0.239980449657869
91.2506300000027,0.230205278592376
91.3050799999982,0.230205278592376
91.3574450000003,0.249755620723363
91.4058310000002,0.249755620723363
91.4586469999999,0.25464320625611
91.5081290000007,0.235092864125122
91.5579270000011,0.220430107526882
91.6062250000015,0.225317693059629
91.6559769999981,0.220430107526882
91.7067370000035,0.205767350928641
91.7543530000001,0.205767350928641
91.8053409999982,0.210654936461388
91.8557679999992,0.225317693059629
91.9061349999979,0.235092864125122
91.9543849999979,0.230205278592376
92.0077019999996,0.225317693059629
92.0542980000004,0.235092864125122
92.1035150000006,0.235092864125122
92.1550520000011,0.235092864125122
92.2057540000007,0.225317693059629
92.257987999998,0.230205278592376
92.307626000002,0.225317693059629
92.3598360000029,0.230205278592376
92.4091630000025,0.225317693059629
92.4551359999999,0.220430107526882
92.5046059999987,0.215542521994135
92.5566319999993,0.239980449657869
92.6070719999969,0.283968719452591
92.6558620000035,0.283968719452591
92.7068180000037,0.26930596285435
92.7572470000014,0.26930596285435
92.8081389999986,0.264418377321603
92.8602140000015,0.274193548387097
92.9096810000017,0.274193548387097
92.9585469999984,0.259530791788857
93.0085420000032,0.249755620723363
93.0566950000003,0.239980449657869
93.1082829999998,0.230205278592376
93.1552599999979,0.220430107526882
93.2098409999981,0.210654936461388
93.2648200000003,0.195992179863147
93.3186950000003,0.205767350928641
93.3672250000015,0.210654936461388
93.4168079999983,0.220430107526882
93.4705860000029,0.235092864125122
93.5233159999996,0.259530791788857
93.5747590000033,0.274193548387097
93.6256269999966,0.279081133919844
93.6766410000026,0.26930596285435
93.7254200000018,0.274193548387097
93.7772180000022,0.264418377321603
93.8240970000029,0.264418377321603
93.8762569999993,0.259530791788857
93.9259240000024,0.244868035190616
93.9750090000033,0.230205278592376
94.0270270000025,0.230205278592376
94.0781450000033,0.230205278592376
94.1266359999999,0.225317693059629
94.1770099999979,0.239980449657869
94.2239619999975,0.230205278592376
94.2810069999993,0.239980449657869
94.3303919999972,0.244868035190616
94.3773339999989,0.249755620723363
94.4260389999971,0.264418377321603
94.4749870000035,0.264418377321603
94.5285850000009,0.26930596285435
94.5787159999981,0.274193548387097
94.627123999998,0.279081133919844
94.6799949999973,0.274193548387097
94.7281840000004,0.264418377321603
94.7773310000002,0.235092864125122
94.8301560000032,0.225317693059629
94.8800069999993,0.205767350928641
94.9294010000005,0.195992179863147
94.9802760000005,0.205767350928641
95.0286169999987,0.230205278592376
95.0772749999985,0.259530791788857
95.1296389999986,0.26930596285435
95.1794970000014,0.259530791788857
95.2285080000013,0.288856304985337
95.2772740000039,0.239980449657869
95.3308369999975,0.186217008797654
95.383049999997,0.17644183773216
95.4315219999999,0.235092864125122
95.4785270000026,0.264418377321603
95.5304439999983,0.293743890518084
95.5817519999966,0.288856304985337
95.6326059999987,0.283968719452591
95.6829699999988,0.283968719452591
95.7313730000034,0.283968719452591
95.7824200000018,0.283968719452591
95.833564000003,0.279081133919844
95.8835989999995,0.274193548387097
95.9328189999983,0.264418377321603
95.982987999998,0.274193548387097
96.0315450000018,0.274193548387097
96.0842309999987,0.26930596285435
96.1325490000024,0.25464320625611
96.183876000002,0.26930596285435
96.2332269999981,0.26930596285435
96.2843800000027,0.25464320625611
96.3337939999998,0.235092864125122
96.3840399999991,0.235092864125122
96.4391030000001,0.244868035190616
96.4850900000036,0.235092864125122
96.5332939999998,0.264418377321603
96.5872430000007,0.239980449657869
96.6360909999981,0.244868035190616
96.6858409999981,0.244868035190616
96.735060999997,0.249755620723363
96.7848650000021,0.244868035190616
96.8346459999979,0.264418377321603
96.886126000002,0.274193548387097
96.9369900000021,0.264418377321603
96.9854549999982,0.26930596285435
97.0361059999987,0.259530791788857
97.0841220000014,0.239980449657869
97.1366010000035,0.230205278592376
97.1857370000035,0.239980449657869
97.2365380000025,0.283968719452591
97.2876630000025,0.279081133919844
97.3374469999969,0.230205278592376
97.3855240000039,0.200879765395894
97.4374689999968,0.195992179863147
97.4851689999997,0.205767350928641
97.5507170000002,0.264418377321603
97.6050810000002,0.303519061583578
97.6524310000017,0.327956989247312
97.7043699999973,0.327956989247312
97.7543229999989,0.323069403714565
97.8051000000015,0.249755620723363
97.8540050000027,0.156891495601173
97.9052330000028,0.156891495601173
97.9887889999971,0.112903225806452
98.0782390000001,0.16177908113392
98.1313980000019,0.210654936461388
98.1851389999986,0.156891495601173
98.2330850000009,0.166666666666667
98.2870970000028,0.171554252199413
98.3763859999999,0.181329423264907
98.4404469999969,0.181329423264907
98.4881710000038,0.186217008797654
98.6382060000002,0.200879765395894
98.7823559999987,0.249755620723363
98.8309549999982,0.274193548387097
98.8885520000011,0.283968719452591
98.9416560000032,0.279081133919844
99.0168859999999,0.264418377321603
99.127138000004,0.279081133919844
99.2219629999995,0.274193548387097
99.3450780000016,0.274193548387097
99.4216080000028,0.264418377321603
99.4702580000013,0.264418377321603
99.5770890000015,0.171554252199413
99.7116850000024,0.191104594330401
99.8239530000016,0.200879765395894
99.8760300000012,0.200879765395894
99.9269189999997,0.205767350928641
99.976498999998,0.205767350928641
100.025318999998,0.205767350928641
100.077806000002,0.210654936461388
100.134588,0.210654936461388
100.195729000002,0.215542521994135
100.245200999998,0.205767350928641
100.293816,0.210654936461388
100.346647,0.264418377321603
100.404077,0.225317693059629
100.462098999999,0.293743890518084
100.519244000003,0.26930596285435
100.581347000003,0.298631476050831
100.645713,0.288856304985337
100.702490999997,0.279081133919844
100.761943999998,0.279081133919844
100.821417000003,0.283968719452591
100.880160999998,0.288856304985337
100.937829000004,0.17644183773216
100.995964000002,0.186217008797654
101.047732000001,0.191104594330401
101.104718999997,0.323069403714565
101.163533,0.318181818181818
101.213417000003,0.191104594330401
101.263109999999,0.195992179863147
101.317270999998,0.200879765395894
101.375079000004,0.327956989247312
101.428626000002,0.220430107526882
101.478571000002,0.195992179863147
101.532557000004,0.195992179863147
101.583586999997,0.318181818181818
101.637491999999,0.308406647116325
101.691281999998,0.17644183773216
101.742957000002,0.181329423264907
101.816553000003,0.313294232649072
101.866413999997,0.308406647116325
101.919406999998,0.17644183773216
101.968331,0.181329423264907
102.034298,0.313294232649072
102.085263000004,0.308406647116325
102.136787,0.181329423264907
102.189756999999,0.186217008797654
102.254251000002,0.191104594330401
102.318306000002,0.313294232649072
102.369744000003,0.186217008797654
102.427351999998,0.318181818181818
102.485928000003,0.313294232649072
102.549414999999,0.239980449657869
102.653284000002,0.195992179863147
102.721303999998,0.323069403714565
102.820557999998,0.191104594330401
102.911534000002,0.200879765395894
102.988702,0.323069403714565
103.046302000001,0.195992179863147
103.111206,0.200879765395894
103.183754000001,0.332844574780059
103.247476999998,0.323069403714565
103.312785999998,0.200879765395894
103.384463,0.337732160312806
103.439322999999,0.332844574780059
103.496608999997,0.200879765395894
103.550737999998,0.205767350928641
103.599101000004,0.210654936461388
103.656674999997,0.332844574780059
103.719004000001,0.308406647116325
103.772369000003,0.274193548387097
103.838726000004,0.323069403714565
103.889785999998,0.288856304985337
103.940913999997,0.274193548387097
104.023438000001,0.323069403714565
104.090413000002,0.313294232649072
104.143799000002,0.327956989247312
104.196634000003,0.327956989247312
104.250851999998,0.327956989247312
104.306509000003,0.303519061583578
104.356711999997,0.293743890518084
104.407969999999,0.283968719452591
104.462160999998,0.323069403714565
104.524714000002,0.313294232649072
104.590490999997,0.293743890518084
104.647467,0.327956989247312
104.707509999998,0.274193548387097
104.757924999997,0.274193548387097
104.822807999998,0.26930596285435
104.890452,0.274193548387097
105.675730999999,0.259530791788857
105.732450999998,0.288856304985337
105.814188000001,0.303519061583578
105.891200999998,0.264418377321603
105.958369000003,0.274193548387097
106.033362999998,0.318181818181818
106.090755000003,0.259530791788857
106.142689999998,0.259530791788857
106.193134999998,0.274193548387097
