Time_sec,Voltage_V
0,0.191104594330401
0.20168599999696,0.186217008797654
0.249252999998629,0.181329423264907
0.293594999998808,0.17644183773216
0.359416000001132,0.166666666666667
0.417133000001311,0.16177908113392
0.469038000002503,0.156891495601173
0.519722000002861,0.147116324535679
0.566603000000119,0.142228739002932
0.615152000002563,0.137341153470186
0.658773000001907,0.25464320625611
0.703817000001669,0.249755620723363
0.754811999998987,0.244868035190616
0.814703000001609,0.239980449657869
0.870252999998629,0.156891495601173
0.921159000001848,0.122678396871945
0.971148000001907,0.122678396871945
1.01980200000107,0.181329423264907
1.06447500000149,0.181329423264907
1.12115200000256,0.244868035190616
1.17563199999928,0.166666666666667
1.23208200000226,0.127565982404692
1.29010499999672,0.132453567937439
1.34816200000048,0.137341153470186
1.40473200000077,0.137341153470186
1.44868299999833,0.142228739002932
1.49804500000179,0.142228739002932
1.54322900000215,0.142228739002932
1.61356099999696,0.147116324535679
1.67052199999988,0.264418377321603
1.72143999999762,0.17644183773216
1.76933999999613,0.152003910068426
1.81372500000149,0.166666666666667
1.86868400000036,0.181329423264907
1.91611800000072,0.166666666666667
1.96122399999946,0.147116324535679
2.00634700000286,0.147116324535679
2.05481599999964,0.147116324535679
2.1025380000025,0.17644183773216
2.14603700000048,0.156891495601173
2.19088599999994,0.210654936461388
2.23684399999678,0.259530791788857
2.28022800000012,0.25464320625611
2.32617000000179,0.25464320625611
2.3747519999966,0.249755620723363
2.43692700000107,0.191104594330401
2.48554599999636,0.166666666666667
2.5346080000028,0.17644183773216
2.58389699999988,0.191104594330401
2.63764499999583,0.225317693059629
2.6997519999966,0.220430107526882
2.75168900000304,0.215542521994135
2.8064619999975,0.210654936461388
2.85540100000054,0.220430107526882
2.91613499999791,0.215542521994135
2.97723200000077,0.225317693059629
3.03881000000238,0.220430107526882
3.10652300000191,0.215542521994135
3.15314999999851,0.225317693059629
3.20629800000042,0.225317693059629
3.25806599999964,0.225317693059629
3.30886100000143,0.239980449657869
3.36065599999577,0.239980449657869
3.41111800000072,0.244868035190616
3.45864800000191,0.235092864125122
3.50940200000256,0.235092864125122
3.55374099999666,0.235092864125122
3.60917899999768,0.244868035190616
3.65873900000006,0.239980449657869
3.70682800000161,0.239980449657869
3.76221700000018,0.239980449657869
3.80891600000113,0.239980449657869
3.86164299999923,0.225317693059629
3.90711299999803,0.239980449657869
3.95161599999666,0.235092864125122
3.99701099999994,0.249755620723363
4.04204900000244,0.25464320625611
4.0863919999972,0.239980449657869
4.13156599999964,0.239980449657869
4.17696100000292,0.249755620723363
4.22167099999636,0.239980449657869
4.27146000000089,0.215542521994135
4.31623799999803,0.225317693059629
4.36260700000078,0.244868035190616
4.41107699999958,0.244868035190616
4.45564599999785,0.239980449657869
4.50480799999833,0.225317693059629
4.55023900000006,0.225317693059629
4.59580799999833,0.239980449657869
4.64426299999654,0.249755620723363
4.69371000000089,0.249755620723363
4.73806700000167,0.239980449657869
4.78708500000089,0.225317693059629
4.83252399999648,0.230205278592376
4.88108999999613,0.239980449657869
4.92706700000167,0.249755620723363
4.97524199999869,0.259530791788857
5.02529599999636,0.249755620723363
5.0740169999972,0.249755620723363
5.11484399999678,0.230205278592376
5.16208500000089,0.244868035190616
5.20884799999744,0.249755620723363
5.25355200000107,0.239980449657869
5.29982400000095,0.239980449657869
5.34499300000072,0.249755620723363
5.393875,0.25464320625611
5.44272200000286,0.25464320625611
5.49173699999601,0.244868035190616
5.54097399999946,0.249755620723363
5.58949199999869,0.239980449657869
5.63456300000101,0.230205278592376
5.68171100000292,0.220430107526882
5.73367700000107,0.239980449657869
5.78242599999905,0.235092864125122
5.83305399999768,0.239980449657869
5.91785899999738,0.225317693059629
5.96804900000244,0.239980449657869
6.06127300000191,0.25464320625611
6.11680799999833,0.239980449657869
6.16546400000155,0.244868035190616
6.21427300000191,0.249755620723363
6.26217899999768,0.279081133919844
6.31092899999768,0.26930596285435
6.360375,0.195992179863147
6.40917400000244,0.181329423264907
6.45362799999863,0.186217008797654
6.50174599999934,0.186217008797654
6.54960099999607,0.191104594330401
6.59774199999869,0.308406647116325
6.64723099999875,0.298631476050831
6.69521400000155,0.283968719452591
6.74074400000274,0.259530791788857
6.78605600000173,0.244868035190616
6.83667499999702,0.264418377321603
6.88450400000066,0.220430107526882
6.93456300000101,0.220430107526882
6.98406000000238,0.210654936461388
7.03277799999714,0.244868035190616
7.08057500000298,0.279081133919844
7.13054599999636,0.274193548387097
7.18437099999935,0.191104594330401
7.22751200000197,0.205767350928641
7.27757400000095,0.225317693059629
7.32210199999809,0.220430107526882
7.36893999999762,0.205767350928641
7.4419469999969,0.25464320625611
7.48698900000006,0.25464320625611
7.53963000000268,0.259530791788857
7.58954299999774,0.26930596285435
7.6374280000031,0.264418377321603
7.68780799999833,0.25464320625611
7.73656000000238,0.239980449657869
7.78926900000125,0.235092864125122
7.83600599999726,0.230205278592376
7.88344600000232,0.230205278592376
7.94527099999785,0.244868035190616
7.99817499999702,0.195992179863147
8.05384200000018,0.186217008797654
8.10220199999958,0.186217008797654
8.14928299999982,0.220430107526882
8.19484799999744,0.259530791788857
8.24016600000113,0.279081133919844
8.29019399999827,0.274193548387097
8.33865100000054,0.274193548387097
8.39014899999648,0.17644183773216
8.43666399999708,0.17644183773216
8.48188700000197,0.181329423264907
8.53103499999642,0.210654936461388
8.57487900000066,0.244868035190616
8.62547100000083,0.225317693059629
8.67061800000072,0.225317693059629
8.71441899999976,0.239980449657869
8.7658030000031,0.264418377321603
8.80940799999982,0.279081133919844
8.8553769999966,0.259530791788857
8.90434099999815,0.244868035190616
8.94893699999899,0.244868035190616
8.99404999999702,0.264418377321603
9.04007899999618,0.274193548387097
9.0926269999966,0.283968719452591
9.14073600000143,0.283968719452591
9.18589599999786,0.288856304985337
9.23530799999833,0.210654936461388
9.27996599999815,0.205767350928641
9.32633900000155,0.210654936461388
9.37375699999929,0.181329423264907
9.41960700000078,0.210654936461388
9.46886599999666,0.215542521994135
9.53227899999917,0.25464320625611
9.61698200000077,0.235092864125122
9.66919799999893,0.249755620723363
9.71489800000191,0.264418377321603
9.76248099999875,0.279081133919844
9.81225599999726,0.264418377321603
9.86100699999928,0.264418377321603
9.91099599999935,0.264418377321603
9.95881599999964,0.259530791788857
10.0086499999985,0.26930596285435
10.0541229999959,0.235092864125122
10.108188000001,0.259530791788857
10.1528289999962,0.244868035190616
10.2018149999976,0.225317693059629
10.2471559999958,0.235092864125122
10.2960399999991,0.230205278592376
10.3422679999992,0.225317693059629
10.3924949999973,0.205767350928641
10.4395069999993,0.200879765395894
10.4847889999971,0.195992179863147
10.5303980000019,0.195992179863147
10.5782609999999,0.195992179863147
10.623876000002,0.195992179863147
10.6728879999965,0.215542521994135
10.7179179999977,0.191104594330401
10.7638859999999,0.239980449657869
10.8125820000023,0.298631476050831
10.8628720000014,0.298631476050831
10.9106180000007,0.293743890518084
10.9558399999961,0.26930596285435
11.0043030000031,0.220430107526882
11.0584200000018,0.225317693059629
11.1064549999982,0.215542521994135
11.1482569999993,0.195992179863147
11.1981979999989,0.225317693059629
11.2431190000027,0.25464320625611
11.2911639999971,0.25464320625611
11.3406730000004,0.259530791788857
11.3853779999986,0.244868035190616
11.4316609999984,0.244868035190616
11.4816780000031,0.244868035190616
11.5307829999998,0.239980449657869
11.5793889999986,0.235092864125122
11.6276159999967,0.239980449657869
11.6770799999982,0.239980449657869
11.7215219999999,0.244868035190616
11.7662910000011,0.244868035190616
11.8120530000031,0.264418377321603
11.8604670000002,0.264418377321603
11.9099820000008,0.25464320625611
11.9539289999977,0.244868035190616
12.0006349999979,0.235092864125122
12.0474589999989,0.25464320625611
12.0938049999997,0.25464320625611
12.147924999997,0.244868035190616
12.199751000002,0.244868035190616
12.2473159999996,0.230205278592376
12.294685999997,0.225317693059629
12.3527629999965,0.210654936461388
12.4143519999981,0.239980449657869
12.463063000001,0.239980449657869
12.516950000003,0.239980449657869
12.569361999996,0.235092864125122
12.6322459999993,0.244868035190616
12.6837239999995,0.230205278592376
12.7349450000003,0.235092864125122
12.7860300000012,0.235092864125122
12.8424720000029,0.225317693059629
12.8975879999995,0.249755620723363
12.9515080000013,0.244868035190616
13.0018149999976,0.239980449657869
13.0520579999983,0.235092864125122
13.1028460000008,0.239980449657869
13.1517140000015,0.239980449657869
13.2020939999968,0.235092864125122
13.2529680000022,0.225317693059629
13.3038060000017,0.200879765395894
13.3519329999983,0.220430107526882
13.4027540000007,0.215542521994135
13.4501449999958,0.225317693059629
13.4991180000007,0.264418377321603
13.5660450000018,0.26930596285435
13.6190480000004,0.17644183773216
13.6708839999959,0.17644183773216
13.715688000001,0.239980449657869
13.769313000001,0.225317693059629
13.8218079999983,0.249755620723363
13.8684439999983,0.239980449657869
13.912375,0.230205278592376
13.9573329999968,0.249755620723363
14.0034130000025,0.259530791788857
14.0556559999958,0.26930596285435
14.1054769999981,0.26930596285435
14.1557969999984,0.230205278592376
14.2028559999987,0.239980449657869
14.248825000003,0.259530791788857
14.2974039999992,0.215542521994135
14.3433039999977,0.244868035190616
14.3896410000026,0.230205278592376
14.4412920000032,0.230205278592376
14.4917430000007,0.259530791788857
14.5366929999962,0.239980449657869
14.5903940000013,0.26930596285435
14.6381679999977,0.225317693059629
14.6907880000025,0.220430107526882
14.7400560000017,0.235092864125122
14.7912719999999,0.259530791788857
14.8385099999979,0.230205278592376
14.8909219999984,0.220430107526882
14.9360600000024,0.230205278592376
14.9884809999987,0.230205278592376
15.0346089999974,0.215542521994135
15.0925249999985,0.195992179863147
15.1379409999996,0.195992179863147
15.1917039999962,0.200879765395894
15.239439000003,0.239980449657869
15.2843809999973,0.264418377321603
15.3342929999977,0.283968719452591
15.3789010000005,0.259530791788857
15.4317599999979,0.220430107526882
15.4772950000018,0.225317693059629
15.5269979999959,0.235092864125122
15.5751579999998,0.259530791788857
15.6199930000007,0.264418377321603
15.6690209999979,0.25464320625611
15.7142849999964,0.25464320625611
15.7609809999987,0.239980449657869
15.8090429999977,0.249755620723363
15.8548859999999,0.235092864125122
15.9072929999977,0.225317693059629
15.9519539999962,0.171554252199413
15.9978580000028,0.17644183773216
16.0425260000005,0.210654936461388
16.0945260000005,0.230205278592376
16.1416969999969,0.249755620723363
16.185814000003,0.25464320625611
16.2342119999975,0.264418377321603
16.2793540000021,0.279081133919844
16.3288839999959,0.279081133919844
16.380435999997,0.25464320625611
16.431813000001,0.259530791788857
16.4849949999973,0.235092864125122
16.5427730000019,0.264418377321603
16.5936840000004,0.288856304985337
16.6444149999991,0.235092864125122
16.6971840000004,0.215542521994135
16.7451410000026,0.220430107526882
16.7941290000007,0.239980449657869
16.8416649999991,0.225317693059629
16.8861269999966,0.215542521994135
16.9315420000032,0.225317693059629
16.9767980000004,0.249755620723363
17.0215260000005,0.249755620723363
17.0662550000027,0.249755620723363
17.1119890000001,0.249755620723363
17.1622140000016,0.235092864125122
17.2098039999977,0.259530791788857
17.2593999999985,0.279081133919844
17.3082110000029,0.239980449657869
17.3488699999973,0.25464320625611
17.4063200000003,0.244868035190616
17.4548610000014,0.244868035190616
17.500049999997,0.235092864125122
17.5455600000024,0.249755620723363
17.5947929999977,0.249755620723363
17.6402990000024,0.244868035190616
17.6886049999967,0.244868035190616
17.7336730000004,0.220430107526882
17.779949000001,0.239980449657869
17.8293159999996,0.239980449657869
17.8773420000002,0.249755620723363
17.9261899999976,0.244868035190616
17.97525,0.244868035190616
18.0204739999995,0.230205278592376
18.069813000001,0.239980449657869
18.1153489999995,0.244868035190616
18.1644429999962,0.25464320625611
18.214501000002,0.249755620723363
18.2623360000029,0.249755620723363
18.3119020000026,0.25464320625611
18.3560469999984,0.244868035190616
18.4020920000002,0.239980449657869
18.4473439999968,0.259530791788857
18.4913999999985,0.25464320625611
18.5366780000031,0.230205278592376
18.5822990000024,0.235092864125122
18.6330820000023,0.244868035190616
18.6839329999983,0.239980449657869
18.7293320000023,0.244868035190616
18.7785150000006,0.244868035190616
18.8268420000002,0.235092864125122
18.8764259999991,0.235092864125122
18.9212159999982,0.230205278592376
18.9684780000001,0.259530791788857
19.0170199999958,0.288856304985337
19.065498999998,0.298631476050831
19.1154059999958,0.283968719452591
19.1639830000028,0.26930596285435
19.2129530000016,0.259530791788857
19.2571569999978,0.25464320625611
19.3037360000014,0.230205278592376
19.3490679999962,0.244868035190616
19.3968090000004,0.244868035190616
19.4457789999992,0.244868035190616
19.4914689999968,0.235092864125122
19.5373200000003,0.220430107526882
19.5863069999963,0.225317693059629
19.635736999996,0.235092864125122
19.6847159999982,0.225317693059629
19.7281579999998,0.25464320625611
19.7741269999966,0.239980449657869
19.8200300000012,0.235092864125122
19.8644319999963,0.25464320625611
19.9197540000007,0.239980449657869
19.962325000003,0.25464320625611
20.0071330000013,0.244868035190616
20.0535659999996,0.230205278592376
20.1057390000001,0.210654936461388
20.1546180000007,0.225317693059629
20.2037789999992,0.225317693059629
20.2562519999966,0.230205278592376
20.302376000002,0.235092864125122
20.3543559999987,0.244868035190616
20.4011510000005,0.239980449657869
20.4552809999958,0.239980449657869
20.5073530000001,0.235092864125122
20.5897990000024,0.239980449657869
20.6583379999995,0.225317693059629
20.7040420000032,0.239980449657869
20.7549099999964,0.235092864125122
20.8022920000032,0.239980449657869
20.8512719999999,0.244868035190616
20.899487999998,0.239980449657869
20.9483439999968,0.25464320625611
20.9983849999979,0.235092864125122
21.0437259999961,0.239980449657869
21.094811999999,0.239980449657869
21.1413090000004,0.235092864125122
21.1938399999961,0.235092864125122
21.240689000003,0.235092864125122
21.2920429999977,0.225317693059629
21.3390490000024,0.225317693059629
21.3926679999977,0.230205278592376
21.4415869999975,0.191104594330401
21.4936670000032,0.230205278592376
21.5394729999974,0.239980449657869
21.583674999997,0.239980449657869
21.632112999998,0.244868035190616
21.6821719999984,0.25464320625611
21.7278559999988,0.249755620723363
21.7846950000003,0.244868035190616
21.8384099999964,0.225317693059629
21.8867969999984,0.225317693059629
21.9361789999977,0.230205278592376
21.980637000002,0.259530791788857
22.0305899999961,0.259530791788857
22.0898159999996,0.225317693059629
22.1496559999958,0.25464320625611
22.1984120000005,0.25464320625611
22.2438969999999,0.244868035190616
22.2951660000011,0.230205278592376
22.342800999999,0.235092864125122
22.4111049999967,0.249755620723363
22.473825000003,0.235092864125122
22.5285319999978,0.249755620723363
22.5749930000007,0.235092864125122
22.6205380000025,0.230205278592376
22.6734809999987,0.230205278592376
22.719063000001,0.249755620723363
22.763685999997,0.25464320625611
22.8129069999978,0.249755620723363
22.8608219999969,0.230205278592376
22.9066339999959,0.230205278592376
22.9528299999982,0.230205278592376
22.9981660000011,0.25464320625611
23.0631979999989,0.239980449657869
23.1117870000005,0.244868035190616
23.1647229999974,0.25464320625611
23.2138369999975,0.26930596285435
23.2645239999965,0.239980449657869
23.3170820000023,0.235092864125122
23.3637039999962,0.239980449657869
23.4114689999968,0.215542521994135
23.4609649999961,0.205767350928641
23.5150949999988,0.230205278592376
23.5637449999973,0.235092864125122
23.6155459999964,0.279081133919844
23.6784689999968,0.298631476050831
23.7257899999991,0.293743890518084
23.7747110000029,0.288856304985337
23.8242920000032,0.239980449657869
23.8734919999987,0.220430107526882
23.9195279999971,0.220430107526882
23.968299999997,0.210654936461388
24.0140089999959,0.205767350928641
24.0708049999997,0.210654936461388
24.1324909999967,0.205767350928641
24.1803420000002,0.205767350928641
24.231938000001,0.186217008797654
24.2796850000024,0.186217008797654
24.328612999998,0.181329423264907
24.3768999999985,0.17644183773216
24.4226639999971,0.171554252199413
24.468050999999,0.16177908113392
24.5167819999978,0.152003910068426
24.5612899999991,0.147116324535679
24.6100839999989,0.235092864125122
24.6559710000008,0.259530791788857
24.7013559999987,0.249755620723363
24.7498329999968,0.244868035190616
24.8012180000022,0.239980449657869
24.8489289999977,0.244868035190616
24.8984039999992,0.249755620723363
24.9479319999963,0.25464320625611
24.9922220000029,0.259530791788857
25.0361180000007,0.259530791788857
25.0830410000011,0.264418377321603
25.1355410000011,0.200879765395894
25.1837829999998,0.259530791788857
25.2285050000027,0.279081133919844
25.2779120000005,0.279081133919844
25.3230040000007,0.215542521994135
25.3695700000003,0.166666666666667
25.4132800000012,0.215542521994135
25.4614130000025,0.235092864125122
25.5075890000016,0.195992179863147
25.5530860000029,0.186217008797654
25.5970869999975,0.191104594330401
25.6463720000014,0.195992179863147
25.6926840000004,0.200879765395894
25.7382669999972,0.195992179863147
25.782376000002,0.200879765395894
25.831939000003,0.215542521994135
25.8804979999959,0.220430107526882
25.9210050000027,0.205767350928641
25.9658280000016,0.225317693059629
26.016825000003,0.225317693059629
26.0642479999959,0.200879765395894
26.1056209999993,0.186217008797654
26.1535539999977,0.200879765395894
26.1991049999967,0.225317693059629
26.2501939999983,0.225317693059629
26.2986840000004,0.225317693059629
26.3428959999979,0.210654936461388
26.3900820000023,0.195992179863147
26.4377030000016,0.200879765395894
26.4819329999983,0.215542521994135
26.536699000001,0.210654936461388
26.6318570000008,0.220430107526882
26.7080300000012,0.17644183773216
26.7654399999976,0.210654936461388
26.823376000002,0.195992179863147
26.867936999999,0.210654936461388
26.9121449999958,0.220430107526882
26.9611499999985,0.205767350928641
27.0065139999986,0.210654936461388
27.0523069999963,0.225317693059629
27.1092269999981,0.210654936461388
27.1582290000021,0.220430107526882
27.2033999999985,0.225317693059629
27.2547650000006,0.230205278592376
27.301199000001,0.225317693059629
27.342861999996,0.205767350928641
27.3925989999995,0.225317693059629
27.4411449999958,0.220430107526882
27.4848610000014,0.220430107526882
27.5352170000002,0.220430107526882
27.5839289999977,0.225317693059629
27.6328179999962,0.235092864125122
27.6787519999966,0.235092864125122
27.7253640000001,0.215542521994135
27.7730989999995,0.200879765395894
27.8178900000006,0.215542521994135
27.8668610000014,0.225317693059629
27.9154310000017,0.230205278592376
27.9609809999987,0.215542521994135
28.0100909999982,0.220430107526882
28.0610059999973,0.210654936461388
28.1046780000031,0.215542521994135
28.1488229999989,0.235092864125122
28.195450000003,0.225317693059629
28.2410829999968,0.215542521994135
28.291549999997,0.215542521994135
28.3418849999979,0.215542521994135
28.3864200000018,0.220430107526882
28.4407679999992,0.215542521994135
28.4901529999971,0.215542521994135
28.5391040000021,0.215542521994135
28.587875,0.225317693059629
28.6368790000007,0.225317693059629
28.6857959999964,0.230205278592376
28.7310600000024,0.235092864125122
28.7804940000027,0.230205278592376
28.8297470000014,0.225317693059629
28.8746309999973,0.220430107526882
28.9193360000029,0.225317693059629
28.9687349999994,0.235092864125122
29.0134769999981,0.225317693059629
29.0619420000017,0.215542521994135
29.1116550000012,0.220430107526882
29.1619640000016,0.235092864125122
29.2109750000015,0.220430107526882
29.2603399999961,0.220430107526882
29.3095579999983,0.220430107526882
29.3586529999971,0.215542521994135
29.4069299999997,0.220430107526882
29.4557840000019,0.225317693059629
29.5050719999969,0.220430107526882
29.550313000001,0.239980449657869
29.5972280000001,0.230205278592376
29.6400319999978,0.220430107526882
29.6892470000014,0.195992179863147
29.7345549999997,0.244868035190616
29.7798399999961,0.235092864125122
29.8289039999992,0.225317693059629
29.8784280000031,0.220430107526882
29.922873999998,0.215542521994135
29.9755979999974,0.225317693059629
30.024700000003,0.225317693059629
30.0739670000002,0.225317693059629
30.1238680000007,0.225317693059629
30.1691349999979,0.244868035190616
30.2143640000001,0.239980449657869
30.263924999997,0.235092864125122
30.3133390000015,0.230205278592376
30.3608910000026,0.220430107526882
30.4063940000013,0.220430107526882
30.4516440000013,0.244868035190616
30.50075,0.244868035190616
30.5472939999998,0.225317693059629
30.5973030000031,0.235092864125122
30.6429509999976,0.230205278592376
30.6923219999969,0.220430107526882
30.7381979999989,0.230205278592376
30.7829069999978,0.239980449657869
30.8326840000004,0.239980449657869
30.8809750000015,0.239980449657869
30.9261630000025,0.230205278592376
30.9792070000023,0.235092864125122
31.0283690000027,0.235092864125122
31.0782159999982,0.235092864125122
31.1231339999959,0.235092864125122
31.1688289999962,0.239980449657869
31.2171169999987,0.244868035190616
31.2681559999958,0.239980449657869
31.3150850000009,0.230205278592376
31.3650239999965,0.235092864125122
31.4136520000026,0.239980449657869
31.4628509999961,0.225317693059629
31.5124579999968,0.230205278592376
31.5602220000029,0.220430107526882
31.6059179999977,0.225317693059629
31.651560999997,0.249755620723363
31.6964769999981,0.239980449657869
31.7411480000019,0.225317693059629
31.786074000001,0.239980449657869
31.8360769999996,0.249755620723363
31.8857880000025,0.249755620723363
31.9342629999965,0.244868035190616
31.9839860000014,0.244868035190616
32.0329450000003,0.244868035190616
32.0808289999962,0.220430107526882
32.1261049999967,0.225317693059629
32.1719930000007,0.230205278592376
32.2200059999973,0.235092864125122
32.264862999998,0.244868035190616
32.3150179999992,0.230205278592376
32.3676770000011,0.230205278592376
32.4192220000029,0.249755620723363
32.4715429999977,0.244868035190616
32.5231899999976,0.249755620723363
32.5753559999987,0.244868035190616
32.6368269999996,0.249755620723363
32.6825389999971,0.249755620723363
32.7366559999958,0.249755620723363
32.7871559999958,0.249755620723363
32.8409130000025,0.215542521994135
32.890987999998,0.239980449657869
32.9377360000014,0.239980449657869
32.9879809999987,0.249755620723363
33.0364079999998,0.244868035190616
33.0854310000017,0.239980449657869
33.1376499999985,0.244868035190616
33.1883369999975,0.244868035190616
33.2370520000011,0.249755620723363
33.2858690000027,0.249755620723363
33.3340769999996,0.249755620723363
33.3799640000016,0.239980449657869
33.425549999997,0.230205278592376
33.470436999999,0.244868035190616
33.5152129999995,0.244868035190616
33.5637280000001,0.220430107526882
33.6095179999992,0.225317693059629
33.6595839999989,0.230205278592376
33.7068640000001,0.235092864125122
33.7595920000002,0.239980449657869
33.8057309999988,0.230205278592376
33.856450000003,0.239980449657869
33.9041229999959,0.244868035190616
33.9484549999982,0.244868035190616
33.9952309999987,0.225317693059629
34.0432679999992,0.225317693059629
34.0880520000011,0.230205278592376
34.1371689999998,0.235092864125122
34.1861279999986,0.239980449657869
34.2351740000024,0.239980449657869
34.284799999997,0.244868035190616
34.3389689999968,0.249755620723363
34.3871630000025,0.25464320625611
34.4404219999984,0.239980449657869
34.4931929999962,0.239980449657869
34.5428159999996,0.230205278592376
34.5945850000009,0.225317693059629
34.6419469999969,0.239980449657869
34.6915129999965,0.239980449657869
34.7439420000017,0.235092864125122
34.7959790000021,0.235092864125122
34.8429710000008,0.235092864125122
34.8928399999961,0.235092864125122
34.941112999998,0.239980449657869
34.9887009999976,0.239980449657869
35.0376269999966,0.235092864125122
35.0836400000006,0.244868035190616
35.1291929999962,0.239980449657869
35.1768989999965,0.235092864125122
35.2221019999981,0.220430107526882
35.2720530000031,0.239980449657869
35.3209970000014,0.239980449657869
35.3654240000024,0.249755620723363
35.4118360000029,0.225317693059629
35.4616459999979,0.220430107526882
35.5105249999985,0.235092864125122
35.5602280000001,0.239980449657869
35.6078320000023,0.239980449657869
35.6537189999968,0.249755620723363
35.6988889999986,0.249755620723363
35.7472239999995,0.235092864125122
35.797387000002,0.239980449657869
35.8454079999998,0.230205278592376
35.8961359999999,0.230205278592376
35.9449970000014,0.225317693059629
35.9938320000023,0.220430107526882
36.0416049999967,0.230205278592376
36.0986679999977,0.225317693059629
36.1469970000014,0.210654936461388
36.1981180000007,0.230205278592376
36.243237999998,0.230205278592376
36.2877060000002,0.244868035190616
36.3327339999974,0.244868035190616
36.3772690000013,0.230205278592376
36.4276719999984,0.239980449657869
36.4802390000001,0.239980449657869
36.5295829999968,0.235092864125122
36.5791489999965,0.235092864125122
36.630175999999,0.230205278592376
36.6823060000017,0.239980449657869
36.7325249999985,0.235092864125122
36.7825549999997,0.239980449657869
36.8337540000007,0.235092864125122
36.8823210000023,0.239980449657869
36.9312430000007,0.235092864125122
36.980425999999,0.230205278592376
37.0283519999981,0.225317693059629
37.077938000001,0.230205278592376
37.1270569999963,0.235092864125122
37.175762000002,0.230205278592376
37.2257239999995,0.230205278592376
37.2742320000008,0.220430107526882
37.3240410000011,0.239980449657869
37.3698949999958,0.249755620723363
37.4181499999985,0.249755620723363
37.4652889999971,0.239980449657869
37.5117950000018,0.235092864125122
37.5611209999993,0.230205278592376
37.6106080000028,0.235092864125122
37.6553929999992,0.239980449657869
37.7020329999998,0.249755620723363
37.7507309999988,0.235092864125122
37.803998999998,0.235092864125122
37.8520380000025,0.239980449657869
37.9028369999975,0.239980449657869
37.9581359999999,0.225317693059629
38.0076639999971,0.220430107526882
38.0526840000004,0.249755620723363
38.1032880000025,0.249755620723363
38.1521089999974,0.244868035190616
38.2010420000032,0.244868035190616
38.2496290000007,0.244868035190616
38.2984629999995,0.239980449657869
38.3482060000002,0.235092864125122
38.3927170000002,0.230205278592376
38.4386730000004,0.239980449657869
38.4872360000014,0.244868035190616
38.5310450000018,0.239980449657869
38.5801709999964,0.225317693059629
38.6267039999962,0.235092864125122
38.6757559999973,0.244868035190616
38.7224189999998,0.249755620723363
38.770611999996,0.244868035190616
38.8216089999974,0.249755620723363
38.8693360000029,0.17644183773216
38.9166929999962,0.17644183773216
38.9665270000026,0.17644183773216
39.0110970000029,0.17644183773216
39.0566559999958,0.298631476050831
39.1178360000029,0.293743890518084
39.1712360000014,0.288856304985337
39.2169069999978,0.210654936461388
39.2697599999979,0.166666666666667
39.3205,0.293743890518084
39.367313000001,0.288856304985337
39.416938000001,0.288856304985337
39.4707159999981,0.283968719452591
39.5218470000029,0.283968719452591
39.5687339999974,0.283968719452591
39.613074000001,0.25464320625611
39.6605670000017,0.239980449657869
39.7066220000014,0.249755620723363
39.7575869999975,0.25464320625611
39.8059209999964,0.220430107526882
39.8562849999964,0.249755620723363
39.9042269999981,0.249755620723363
39.9491590000018,0.230205278592376
39.9946810000017,0.225317693059629
40.0395930000022,0.239980449657869
40.0898720000014,0.230205278592376
40.1376920000017,0.244868035190616
40.1825820000023,0.235092864125122
40.2284699999988,0.210654936461388
40.2771419999972,0.225317693059629
40.3275799999982,0.244868035190616
40.3747829999998,0.249755620723363
40.4267250000015,0.249755620723363
40.4743179999962,0.244868035190616
40.5246220000014,0.249755620723363
40.5722119999975,0.25464320625611
40.6165439999998,0.244868035190616
40.6696660000011,0.215542521994135
40.7194530000016,0.249755620723363
40.7768949999958,0.235092864125122
40.8422840000018,0.235092864125122
40.8939629999995,0.235092864125122
40.9406209999993,0.244868035190616
40.9908069999963,0.25464320625611
41.0424689999968,0.239980449657869
41.087498999998,0.249755620723363
41.1359930000007,0.25464320625611
41.1817609999999,0.244868035190616
41.2315309999958,0.239980449657869
41.2797390000001,0.230205278592376
41.3337339999974,0.230205278592376
41.382314000003,0.225317693059629
41.4295600000024,0.220430107526882
41.4768969999999,0.205767350928641
41.5276110000014,0.239980449657869
41.5760399999991,0.235092864125122
41.6202739999965,0.244868035190616
41.6695520000011,0.239980449657869
41.7146799999997,0.225317693059629
41.764439000003,0.230205278592376
41.8120349999964,0.230205278592376
41.8624479999989,0.235092864125122
41.9067100000009,0.235092864125122
41.9475459999964,0.215542521994135
42.0010450000018,0.171554252199413
42.0697259999961,0.17644183773216
42.1653060000017,0.293743890518084
42.2140169999972,0.288856304985337
42.2645899999961,0.26930596285435
42.313685999997,0.220430107526882
42.3570939999968,0.220430107526882
42.4069189999998,0.235092864125122
42.4561449999958,0.274193548387097
42.5002089999989,0.279081133919844
42.5492950000018,0.274193548387097
42.5972779999971,0.244868035190616
42.6560839999989,0.25464320625611
42.7014680000022,0.249755620723363
42.7479900000021,0.230205278592376
42.799137000002,0.220430107526882
42.8455209999979,0.230205278592376
42.8943489999995,0.225317693059629
42.9426389999986,0.195992179863147
42.9973919999972,0.259530791788857
43.0413989999965,0.210654936461388
43.0898170000017,0.239980449657869
43.1353489999995,0.239980449657869
43.1818699999973,0.244868035190616
43.232564000003,0.264418377321603
43.2790490000024,0.249755620723363
43.3235270000026,0.244868035190616
43.3694490000009,0.239980449657869
43.4150530000031,0.225317693059629
43.4630300000012,0.235092864125122
43.5133889999986,0.249755620723363
43.5613900000006,0.249755620723363
43.6106279999986,0.244868035190616
43.6525670000017,0.25464320625611
43.7023479999974,0.235092864125122
43.7499299999997,0.249755620723363
43.801299999997,0.244868035190616
43.8491440000012,0.230205278592376
43.8926510000005,0.230205278592376
43.9388699999973,0.249755620723363
43.9853439999968,0.244868035190616
44.0349909999967,0.239980449657869
44.0809640000015,0.235092864125122
44.1263449999988,0.230205278592376
44.1716700000018,0.249755620723363
44.2182870000005,0.249755620723363
44.2663149999976,0.235092864125122
44.3163039999977,0.239980449657869
44.364435999997,0.235092864125122
44.4132459999993,0.225317693059629
44.4699979999959,0.244868035190616
44.5155380000025,0.244868035190616
44.5611649999991,0.230205278592376
44.6060179999992,0.244868035190616
44.652998999998,0.244868035190616
44.704862999998,0.25464320625611
44.7539640000015,0.259530791788857
44.7987430000007,0.244868035190616
44.8477990000024,0.239980449657869
44.8962180000022,0.235092864125122
44.941862999998,0.239980449657869
44.9893449999988,0.249755620723363
45.0363240000009,0.249755620723363
45.0870439999998,0.249755620723363
45.1423500000015,0.249755620723363
45.1925239999965,0.25464320625611
45.2376209999993,0.25464320625611
45.2866389999986,0.249755620723363
45.3361080000028,0.244868035190616
45.3801679999977,0.230205278592376
45.4250850000009,0.239980449657869
45.4704579999968,0.25464320625611
45.5248449999988,0.249755620723363
45.5724689999968,0.25464320625611
45.617699000001,0.249755620723363
45.6709170000032,0.249755620723363
45.7221979999989,0.244868035190616
45.770314000003,0.25464320625611
45.8185380000025,0.239980449657869
45.8678470000029,0.235092864125122
45.9125759999976,0.235092864125122
45.9615719999969,0.239980449657869
46.0072770000026,0.239980449657869
46.0600989999995,0.249755620723363
46.1081459999978,0.244868035190616
46.1543409999981,0.259530791788857
46.2069209999964,0.249755620723363
46.2588289999962,0.25464320625611
46.3097250000015,0.235092864125122
46.3604799999967,0.239980449657869
46.408364,0.25464320625611
46.4603940000013,0.25464320625611
46.5065909999981,0.244868035190616
46.5580319999978,0.25464320625611
46.6089780000001,0.249755620723363
46.6603299999982,0.244868035190616
46.7078800000027,0.244868035190616
46.758126000002,0.249755620723363
46.8087140000015,0.244868035190616
46.854685999997,0.249755620723363
46.9080740000009,0.249755620723363
46.9531059999987,0.25464320625611
47.0055600000024,0.259530791788857
47.0515380000025,0.259530791788857
47.0966709999964,0.235092864125122
47.1452309999987,0.230205278592376
47.1976429999992,0.230205278592376
47.2444570000023,0.230205278592376
47.2950399999991,0.235092864125122
47.3424589999989,0.239980449657869
47.3915960000008,0.249755620723363
47.4413079999983,0.230205278592376
47.4854109999984,0.249755620723363
47.531324000001,0.235092864125122
47.5798339999989,0.235092864125122
47.6292730000019,0.235092864125122
47.6777929999977,0.235092864125122
47.7234469999969,0.249755620723363
47.7774739999995,0.239980449657869
47.8260190000012,0.249755620723363
47.8748049999997,0.244868035190616
47.9235469999984,0.249755620723363
47.9689729999974,0.249755620723363
48.0135520000011,0.235092864125122
48.0637019999996,0.230205278592376
48.1125289999992,0.230205278592376
48.1631419999972,0.235092864125122
48.2112800000012,0.235092864125122
48.2600789999962,0.225317693059629
48.3093149999976,0.244868035190616
48.3536169999987,0.25464320625611
48.3990979999974,0.239980449657869
48.443185999997,0.225317693059629
48.4933100000024,0.225317693059629
48.5413559999987,0.230205278592376
48.5875960000008,0.249755620723363
48.6329600000009,0.200879765395894
48.6817849999964,0.181329423264907
48.7317540000006,0.181329423264907
48.7805960000008,0.181329423264907
48.8299799999967,0.181329423264907
48.8798559999987,0.210654936461388
48.9276639999971,0.274193548387097
48.9756599999964,0.293743890518084
49.029924999997,0.288856304985337
49.0792669999972,0.25464320625611
49.1275129999965,0.25464320625611
49.1768489999995,0.249755620723363
49.2220820000023,0.259530791788857
49.270887000002,0.25464320625611
49.316061999999,0.235092864125122
49.3616269999966,0.220430107526882
49.4104399999976,0.225317693059629
49.4547430000007,0.25464320625611
49.5006040000021,0.249755620723363
49.5499610000029,0.235092864125122
49.6015239999965,0.220430107526882
49.6492039999962,0.220430107526882
49.6990700000003,0.230205278592376
49.745689000003,0.235092864125122
49.7956140000001,0.235092864125122
49.8488280000016,0.230205278592376
49.8999979999959,0.235092864125122
49.9487550000027,0.225317693059629
49.9950789999962,0.225317693059629
50.0514919999987,0.225317693059629
50.0997210000008,0.225317693059629
50.1498680000007,0.230205278592376
50.1972239999995,0.235092864125122
50.2507550000027,0.239980449657869
50.3009860000014,0.239980449657869
50.3493390000015,0.230205278592376
50.3977819999978,0.235092864125122
50.4464739999995,0.235092864125122
50.4877039999962,0.25464320625611
50.5384680000022,0.25464320625611
50.6096349999979,0.239980449657869
50.655623999998,0.25464320625611
50.702439000003,0.249755620723363
50.7534940000027,0.249755620723363
50.8038379999995,0.244868035190616
50.8521159999967,0.230205278592376
50.9015150000006,0.244868035190616
50.9512849999964,0.235092864125122
50.9997189999968,0.244868035190616
51.0489509999976,0.230205278592376
51.0975799999982,0.230205278592376
51.1460970000029,0.235092864125122
51.1914919999987,0.25464320625611
51.2375169999972,0.25464320625611
51.2899399999976,0.249755620723363
51.335987999998,0.25464320625611
51.3871480000019,0.220430107526882
51.4375769999996,0.249755620723363
51.489875,0.244868035190616
51.5375979999974,0.249755620723363
51.5857039999962,0.239980449657869
51.6336510000005,0.235092864125122
51.679112999998,0.235092864125122
51.7248849999979,0.25464320625611
51.7734949999973,0.25464320625611
51.8207210000008,0.25464320625611
51.8714189999998,0.25464320625611
51.9236319999993,0.249755620723363
51.9709460000023,0.249755620723363
52.0215960000008,0.244868035190616
52.0728519999981,0.244868035190616
52.1259209999964,0.249755620723363
52.1741590000018,0.244868035190616
52.2273699999973,0.249755620723363
52.2818779999986,0.230205278592376
52.3344490000009,0.239980449657869
52.3928060000017,0.244868035190616
52.4421649999991,0.244868035190616
52.493751000002,0.25464320625611
52.560561999999,0.249755620723363
52.6177910000011,0.239980449657869
52.6706080000028,0.249755620723363
52.7163449999988,0.235092864125122
52.7692779999971,0.239980449657869
52.818501000002,0.230205278592376
52.8668289999962,0.239980449657869
52.9156169999987,0.239980449657869
52.9621579999998,0.235092864125122
53.0098699999973,0.225317693059629
53.0614579999968,0.244868035190616
53.1091349999979,0.239980449657869
53.159862999998,0.244868035190616
53.2080059999973,0.244868035190616
53.2588069999963,0.239980449657869
53.3096979999989,0.235092864125122
53.3548229999989,0.249755620723363
53.4081089999974,0.25464320625611
53.4567650000006,0.25464320625611
53.509689000003,0.249755620723363
53.5625850000009,0.249755620723363
53.6124949999973,0.235092864125122
53.6626359999999,0.235092864125122
53.710875,0.230205278592376
53.7842419999987,0.230205278592376
53.8375729999989,0.239980449657869
53.8936730000004,0.244868035190616
53.9446559999958,0.235092864125122
53.989361999996,0.239980449657869
54.0436599999964,0.249755620723363
54.0921810000017,0.259530791788857
54.1448859999999,0.239980449657869
54.1967959999964,0.249755620723363
54.2444329999983,0.235092864125122
54.2928149999976,0.235092864125122
54.3413949999958,0.239980449657869
54.390689000003,0.244868035190616
54.4397749999985,0.239980449657869
54.4857149999961,0.230205278592376
54.5337220000029,0.230205278592376
54.5800480000004,0.215542521994135
54.6305089999959,0.235092864125122
54.6786389999986,0.230205278592376
54.7263420000002,0.244868035190616
54.7802049999982,0.225317693059629
54.8308329999968,0.225317693059629
54.8794979999959,0.239980449657869
54.9281609999984,0.244868035190616
54.9762299999967,0.239980449657869
55.0259069999978,0.249755620723363
55.0750560000017,0.25464320625611
55.1293350000009,0.235092864125122
55.1771829999983,0.230205278592376
55.2259539999962,0.239980449657869
55.2756359999999,0.244868035190616
55.3246799999997,0.244868035190616
55.373435999997,0.259530791788857
55.4184670000002,0.249755620723363
55.4688240000009,0.259530791788857
55.5170239999965,0.235092864125122
55.5670480000004,0.220430107526882
55.6156099999994,0.225317693059629
55.6666000000015,0.225317693059629
55.7158659999967,0.220430107526882
55.7628310000002,0.210654936461388
55.8163280000016,0.205767350928641
55.8616719999984,0.215542521994135
55.9097939999998,0.220430107526882
55.9553769999966,0.244868035190616
56.0110019999966,0.249755620723363
56.0615560000017,0.235092864125122
56.1229170000032,0.259530791788857
56.1725930000022,0.25464320625611
56.2179940000027,0.239980449657869
56.267814000003,0.225317693059629
56.3163360000029,0.225317693059629
56.3655370000005,0.230205278592376
56.4147309999987,0.235092864125122
56.4620769999996,0.230205278592376
56.5119629999995,0.225317693059629
56.5614350000024,0.230205278592376
56.606563000001,0.244868035190616
56.6525099999979,0.230205278592376
56.7049069999978,0.239980449657869
56.7540759999975,0.244868035190616
56.8037550000027,0.244868035190616
56.853075000003,0.249755620723363
56.903689000003,0.244868035190616
56.9513889999986,0.239980449657869
57.0000139999986,0.239980449657869
57.0491599999964,0.235092864125122
57.0972650000006,0.225317693059629
57.1525689999983,0.244868035190616
57.2001309999973,0.225317693059629
57.2499949999973,0.220430107526882
57.299111999996,0.220430107526882
57.3479570000023,0.225317693059629
57.397,0.225317693059629
57.446050999999,0.235092864125122
57.4995309999958,0.230205278592376
57.5492030000016,0.230205278592376
57.5979519999996,0.235092864125122
57.6434160000011,0.244868035190616
57.6917800000012,0.220430107526882
57.7383210000023,0.25464320625611
57.7909280000031,0.244868035190616
57.8394189999998,0.249755620723363
57.8911550000012,0.239980449657869
57.9378610000014,0.235092864125122
57.9825989999995,0.239980449657869
58.0314649999961,0.235092864125122
58.0809200000018,0.230205278592376
58.1338310000002,0.225317693059629
58.1789900000021,0.230205278592376
58.2260370000005,0.244868035190616
58.2947140000015,0.249755620723363
58.3719710000008,0.244868035190616
58.4223149999976,0.25464320625611
58.4706440000013,0.25464320625611
58.5151190000027,0.200879765395894
58.5636089999974,0.225317693059629
58.6089820000008,0.239980449657869
58.6622639999986,0.235092864125122
58.7071840000004,0.239980449657869
58.7590960000008,0.244868035190616
58.8061569999978,0.25464320625611
58.851637000002,0.244868035190616
58.899814000003,0.239980449657869
58.9453069999963,0.235092864125122
59.0013839999959,0.244868035190616
59.0613470000028,0.244868035190616
59.1052849999964,0.249755620723363
59.1606990000009,0.249755620723363
59.2074160000011,0.239980449657869
59.2581080000028,0.244868035190616
59.3097019999996,0.235092864125122
59.3623090000004,0.249755620723363
59.4083090000004,0.244868035190616
59.4594240000024,0.244868035190616
59.5101730000004,0.225317693059629
59.5620560000017,0.235092864125122
59.6091609999984,0.244868035190616
59.6534659999982,0.25464320625611
59.7028659999967,0.249755620723363
59.7501709999964,0.230205278592376
59.8179189999998,0.235092864125122
59.8857800000012,0.239980449657869
59.9359209999964,0.235092864125122
59.9857210000008,0.235092864125122
60.034611999996,0.249755620723363
60.0842679999992,0.220430107526882
60.1333599999994,0.225317693059629
60.1865670000017,0.235092864125122
60.2442599999979,0.239980449657869
60.2947569999993,0.239980449657869
60.3435450000018,0.235092864125122
60.3910389999971,0.244868035190616
60.44,0.244868035190616
60.4848610000014,0.244868035190616
60.5349769999981,0.230205278592376
60.5832599999979,0.230205278592376
60.6325410000011,0.220430107526882
60.6792199999988,0.220430107526882
60.7265970000029,0.230205278592376
60.7772819999978,0.230205278592376
60.8259399999976,0.239980449657869
60.8803020000011,0.215542521994135
60.9292899999991,0.239980449657869
60.9807140000015,0.230205278592376
61.0317360000014,0.225317693059629
61.0809069999978,0.220430107526882
61.1302049999982,0.230205278592376
61.1777559999973,0.235092864125122
61.225887000002,0.235092864125122
61.2761089999974,0.239980449657869
61.3245490000024,0.244868035190616
61.3737259999961,0.249755620723363
61.4191339999959,0.235092864125122
61.4659890000001,0.215542521994135
61.5137519999966,0.225317693059629
61.5624409999996,0.230205278592376
61.6403599999994,0.244868035190616
61.6897220000029,0.249755620723363
61.7384079999998,0.239980449657869
61.7831400000006,0.235092864125122
61.834436999999,0.225317693059629
61.8821599999964,0.220430107526882
61.9316630000025,0.225317693059629
61.9813929999992,0.230205278592376
62.0288859999999,0.230205278592376
62.0832760000005,0.230205278592376
62.134325000003,0.230205278592376
62.1817929999977,0.230205278592376
62.2299509999976,0.230205278592376
62.2836099999994,0.230205278592376
62.3346529999971,0.230205278592376
62.3856059999987,0.235092864125122
62.4357559999973,0.230205278592376
62.484626000002,0.235092864125122
62.5363500000015,0.230205278592376
62.586873999998,0.244868035190616
62.6527550000027,0.230205278592376
62.702987999998,0.230205278592376
62.7516429999992,0.230205278592376
62.8018339999989,0.230205278592376
62.848425999999,0.235092864125122
62.8933430000022,0.235092864125122
62.9458940000012,0.230205278592376
62.9962980000004,0.230205278592376
63.0450069999993,0.235092864125122
63.0903449999988,0.249755620723363
63.1397980000004,0.249755620723363
63.1886780000031,0.244868035190616
63.233064000003,0.205767350928641
63.2830569999963,0.225317693059629
63.3369409999996,0.235092864125122
63.386373999998,0.230205278592376
63.4359109999984,0.225317693059629
63.4893390000015,0.235092864125122
63.5394530000016,0.249755620723363
63.5900169999972,0.244868035190616
63.6382269999981,0.244868035190616
63.683375,0.239980449657869
63.7328940000012,0.230205278592376
63.7783390000015,0.230205278592376
63.8317730000019,0.225317693059629
63.8758339999989,0.235092864125122
63.9259209999964,0.244868035190616
63.9717110000029,0.215542521994135
64.0210879999995,0.244868035190616
64.0690340000018,0.244868035190616
64.1177459999993,0.230205278592376
64.1665,0.230205278592376
64.212810999997,0.225317693059629
64.2585309999958,0.249755620723363
64.3055869999975,0.25464320625611
64.3510089999959,0.244868035190616
64.4010520000011,0.230205278592376
64.4447829999998,0.230205278592376
64.4925059999972,0.244868035190616
64.5408179999962,0.249755620723363
64.5907299999967,0.244868035190616
64.6389130000025,0.244868035190616
64.6876639999971,0.249755620723363
64.7370129999966,0.25464320625611
64.7853940000012,0.239980449657869
64.8398859999999,0.239980449657869
64.8906770000011,0.244868035190616
64.9453519999981,0.230205278592376
64.9950459999964,0.244868035190616
65.0444099999964,0.239980449657869
65.0934820000008,0.239980449657869
65.1431330000013,0.249755620723363
65.1873669999987,0.249755620723363
65.2412709999978,0.249755620723363
65.2928530000001,0.244868035190616
65.3396810000017,0.249755620723363
65.3872959999964,0.239980449657869
65.4369900000021,0.244868035190616
65.4856190000027,0.205767350928641
65.5347580000013,0.244868035190616
65.5849689999968,0.230205278592376
65.6327210000008,0.220430107526882
65.6787229999974,0.220430107526882
65.7285879999995,0.235092864125122
65.7768210000023,0.244868035190616
65.827189000003,0.249755620723363
65.8756209999993,0.244868035190616
65.9249170000032,0.244868035190616
65.9740480000004,0.244868035190616
66.0235249999985,0.244868035190616
66.0762760000005,0.244868035190616
66.1248299999982,0.244868035190616
66.1777440000027,0.235092864125122
66.2296829999983,0.244868035190616
66.2813200000003,0.235092864125122
66.3479329999983,0.225317693059629
66.4152880000025,0.225317693059629
66.4629460000023,0.225317693059629
66.5101080000028,0.230205278592376
66.5611180000007,0.244868035190616
66.6127470000014,0.244868035190616
66.6631950000003,0.235092864125122
66.724,0.249755620723363
66.7776209999993,0.249755620723363
66.8246520000026,0.239980449657869
66.9080309999958,0.25464320625611
66.9563039999977,0.249755620723363
67.0015759999976,0.235092864125122
67.0484959999993,0.235092864125122
67.1133170000017,0.230205278592376
67.1630239999965,0.239980449657869
67.2144739999995,0.220430107526882
67.2671819999963,0.220430107526882
67.3139860000014,0.230205278592376
67.3617419999987,0.239980449657869
67.4109649999961,0.235092864125122
67.4563790000007,0.249755620723363
67.5008269999996,0.239980449657869
67.5464699999988,0.225317693059629
67.5956829999983,0.225317693059629
67.6448879999965,0.239980449657869
67.6935719999969,0.239980449657869
67.7433559999987,0.239980449657869
67.7870590000004,0.235092864125122
67.8376679999977,0.244868035190616
67.8830719999969,0.235092864125122
67.9327339999974,0.220430107526882
67.9809530000016,0.210654936461388
68.0297180000022,0.220430107526882
68.0783589999974,0.230205278592376
68.1235480000004,0.249755620723363
68.1690469999984,0.249755620723363
68.2172129999995,0.230205278592376
68.2682760000005,0.230205278592376
68.3177660000026,0.235092864125122
68.3666449999958,0.220430107526882
68.415560999997,0.220430107526882
68.4656550000012,0.235092864125122
68.5129659999981,0.230205278592376
68.5619479999989,0.195992179863147
68.6162349999994,0.220430107526882
68.663376000002,0.230205278592376
68.7129329999983,0.230205278592376
68.7579680000022,0.235092864125122
68.8039539999962,0.239980449657869
68.8487950000018,0.230205278592376
68.8980700000003,0.225317693059629
68.9464959999993,0.225317693059629
68.9959179999977,0.230205278592376
69.0940890000016,0.235092864125122
69.1572110000029,0.249755620723363
69.2091539999992,0.249755620723363
69.2584900000021,0.25464320625611
69.3153690000027,0.230205278592376
69.3646339999959,0.195992179863147
69.4194699999988,0.230205278592376
69.4687840000018,0.230205278592376
69.5160670000017,0.220430107526882
69.5655410000011,0.215542521994135
69.6143470000029,0.230205278592376
69.6603259999975,0.26930596285435
69.7089600000009,0.249755620723363
69.7577789999992,0.239980449657869
69.8072030000016,0.239980449657869
69.8544809999988,0.244868035190616
69.901486999996,0.239980449657869
69.9463060000017,0.215542521994135
69.9910129999965,0.235092864125122
70.0368940000013,0.249755620723363
70.1100300000012,0.235092864125122
70.1759020000026,0.259530791788857
70.240876000002,0.225317693059629
70.2913889999986,0.239980449657869
70.3398489999994,0.25464320625611
70.3929689999968,0.244868035190616
70.4421730000004,0.25464320625611
70.491686999999,0.249755620723363
70.5732419999987,0.244868035190616
70.6277459999993,0.249755620723363
70.6787840000018,0.235092864125122
70.7327199999988,0.230205278592376
70.7928229999989,0.249755620723363
70.8470169999972,0.230205278592376
70.9007980000004,0.215542521994135
70.9602449999973,0.244868035190616
71.0205450000018,0.239980449657869
71.0781819999963,0.244868035190616
71.1385129999965,0.239980449657869
71.1942939999997,0.235092864125122
71.2445579999983,0.220430107526882
71.2985539999977,0.215542521994135
71.3614079999998,0.239980449657869
71.4177550000027,0.235092864125122
71.4870040000006,0.235092864125122
71.5440769999996,0.239980449657869
71.6049399999976,0.244868035190616
71.6629270000011,0.249755620723363
71.719626000002,0.25464320625611
71.781686999999,0.230205278592376
71.8431969999969,0.239980449657869
71.8970029999986,0.225317693059629
71.945251000002,0.235092864125122
71.9898790000007,0.249755620723363
72.0403060000017,0.249755620723363
72.0887330000028,0.249755620723363
72.142563000001,0.249755620723363
72.1960879999995,0.230205278592376
72.2442719999999,0.239980449657869
72.2888959999978,0.244868035190616
72.3428839999959,0.249755620723363
72.3921649999991,0.239980449657869
72.4441819999963,0.239980449657869
72.4962730000019,0.235092864125122
72.5439890000001,0.235092864125122
72.6045270000026,0.235092864125122
72.6630289999992,0.230205278592376
72.7231300000027,0.249755620723363
72.7766990000009,0.244868035190616
72.8318329999968,0.235092864125122
72.8873610000014,0.249755620723363
72.9395850000009,0.244868035190616
72.9884619999975,0.244868035190616
73.0446089999974,0.244868035190616
73.1083159999996,0.239980449657869
73.1629729999974,0.235092864125122
73.2150799999982,0.225317693059629
73.2651840000003,0.230205278592376
73.3185219999999,0.230205278592376
73.3751190000027,0.239980449657869
73.4240549999997,0.244868035190616
73.4723879999965,0.25464320625611
73.5217199999988,0.25464320625611
73.5671269999966,0.239980449657869
73.616061999999,0.230205278592376
73.666563000001,0.230205278592376
73.7143980000019,0.230205278592376
73.765361999996,0.225317693059629
73.8138280000016,0.230205278592376
73.863688000001,0.235092864125122
73.9107910000011,0.230205278592376
73.9657459999993,0.235092864125122
74.0260939999968,0.244868035190616
74.104685999997,0.244868035190616
74.1532929999977,0.235092864125122
74.2021649999991,0.235092864125122
74.2791649999991,0.230205278592376
74.3284200000018,0.239980449657869
74.3772259999961,0.230205278592376
74.427,0.244868035190616
74.4761339999959,0.230205278592376
74.5255729999989,0.244868035190616
74.5740219999999,0.244868035190616
74.6200759999976,0.244868035190616
74.6669820000008,0.200879765395894
74.7135939999968,0.230205278592376
74.7682449999973,0.230205278592376
74.8183430000022,0.235092864125122
74.8654959999993,0.225317693059629
74.9197779999971,0.230205278592376
74.9726620000005,0.249755620723363
75.0204659999982,0.249755620723363
75.0711190000027,0.25464320625611
75.1197910000011,0.244868035190616
75.1735300000012,0.244868035190616
75.221612999998,0.244868035190616
75.2710569999963,0.244868035190616
75.3165459999964,0.235092864125122
75.364824000001,0.220430107526882
75.4139189999998,0.191104594330401
75.4622580000013,0.225317693059629
75.5122870000005,0.225317693059629
75.5613910000026,0.230205278592376
75.6149909999967,0.220430107526882
75.668686999999,0.235092864125122
75.7185359999985,0.239980449657869
75.7660649999976,0.230205278592376
75.8199940000027,0.235092864125122
75.8713219999969,0.239980449657869
75.9216199999973,0.249755620723363
75.9744530000016,0.244868035190616
76.028375,0.230205278592376
76.0770190000013,0.235092864125122
76.1236049999967,0.244868035190616
76.1733219999969,0.25464320625611
76.2229759999961,0.244868035190616
76.2703859999999,0.244868035190616
76.3207959999963,0.230205278592376
76.3687220000028,0.230205278592376
76.4246009999961,0.249755620723363
76.4751099999994,0.25464320625611
76.5254589999989,0.25464320625611
76.5696419999972,0.249755620723363
76.618612999998,0.235092864125122
76.6679139999971,0.244868035190616
76.7220899999961,0.239980449657869
76.7707280000001,0.235092864125122
76.818686999999,0.239980449657869
76.8682819999978,0.239980449657869
76.917126000002,0.220430107526882
76.9662309999987,0.235092864125122
77.0149420000017,0.225317693059629
77.0609959999993,0.225317693059629
77.1096319999993,0.239980449657869
77.1600389999971,0.239980449657869
77.2073889999986,0.249755620723363
77.2586000000015,0.249755620723363
77.3063489999995,0.249755620723363
77.3552100000009,0.249755620723363
77.4042280000001,0.244868035190616
77.4499010000005,0.230205278592376
77.4966049999967,0.235092864125122
77.5443449999988,0.244868035190616
77.5940729999989,0.244868035190616
77.6422929999977,0.259530791788857
77.6936180000007,0.244868035190616
77.7444970000014,0.225317693059629
77.794575000003,0.235092864125122
77.8428669999987,0.230205278592376
77.8957100000009,0.249755620723363
77.9419200000018,0.249755620723363
77.9928470000029,0.249755620723363
78.0441559999958,0.239980449657869
78.0956140000001,0.244868035190616
78.1430850000009,0.239980449657869
78.193950000003,0.244868035190616
78.2444310000017,0.239980449657869
78.2889769999981,0.244868035190616
78.3426810000017,0.249755620723363
78.3946359999999,0.244868035190616
78.4407409999967,0.244868035190616
78.4898540000022,0.244868035190616
78.5393769999966,0.239980449657869
78.5889659999982,0.249755620723363
78.6375129999965,0.249755620723363
78.682299999997,0.235092864125122
78.7292650000006,0.239980449657869
78.777949000001,0.239980449657869
78.8261689999998,0.225317693059629
78.8742609999999,0.200879765395894
78.9202980000004,0.200879765395894
78.9667430000007,0.17644183773216
79.0142309999987,0.181329423264907
79.0634549999982,0.17644183773216
79.1084359999969,0.17644183773216
79.1579200000018,0.235092864125122
79.2071000000015,0.239980449657869
79.2560609999969,0.225317693059629
79.3054230000004,0.16177908113392
79.3498980000019,0.16177908113392
79.3994930000007,0.156891495601173
79.448,0.156891495601173
79.4982679999992,0.152003910068426
79.542674999997,0.147116324535679
79.5923289999962,0.142228739002932
79.6461670000032,0.259530791788857
79.6950579999983,0.249755620723363
79.7428100000024,0.244868035190616
79.7928530000001,0.244868035190616
79.8467699999958,0.239980449657869
79.8942899999991,0.239980449657869
79.9438519999981,0.239980449657869
79.9889930000007,0.239980449657869
80.0383800000027,0.186217008797654
80.0999839999974,0.195992179863147
80.1530450000018,0.259530791788857
80.2223350000009,0.205767350928641
80.8835539999977,0.195992179863147
81.5849759999961,0.259530791788857
81.8204790000022,0.288856304985337
82.3205939999968,0.249755620723363
82.3729619999975,0.186217008797654
82.4174560000002,0.191104594330401
82.4673599999994,0.191104594330401
82.5159329999983,0.215542521994135
82.5656030000001,0.225317693059629
82.6240209999979,0.303519061583578
82.6682529999986,0.298631476050831
82.716376000002,0.293743890518084
82.7715490000024,0.288856304985337
82.8198259999975,0.288856304985337
82.8955600000024,0.288856304985337
83.0108800000027,0.293743890518084
83.0605719999969,0.293743890518084
83.1101700000018,0.293743890518084
83.1601499999985,0.298631476050831
83.2084890000001,0.298631476050831
83.2595710000023,0.298631476050831
83.3183229999989,0.303519061583578
