Time_sec,Voltage_V
0,1.09042033235582
0.175365999996662,0.890029325513197
0.22206099999696,0.850928641251222
0.27157499999553,0.811827956989247
0.320202999994159,0.772727272727272
0.368707999996841,0.704301075268817
0.415181999996305,0.679863147605083
0.471941999994218,0.679863147605083
0.520892999999225,0.650537634408602
0.566200999997556,0.601661779081134
0.612605999998748,0.5772238514174
0.660406999997795,0.557673509286412
0.705419999994337,0.552785923753666
0.754596000000834,0.528347996089932
0.794576999999583,0.479472140762463
0.835795999996364,0.499022482893451
0.881305999994278,0.450146627565982
0.934379999995232,0.450146627565982
0.979812999993563,0.420821114369502
1.02863799999654,0.406158357771261
1.07585599999875,0.430596285434995
1.12293400000036,0.401270772238514
1.16367399999499,0.37683284457478
1.21237999999523,0.352394916911046
1.25826299999654,0.381720430107527
1.29935199999809,0.357282502443793
1.34809899999946,0.337732160312806
1.39428599999845,0.342619745845552
1.43788399999589,0.347507331378299
1.49352699999511,0.323069403714565
1.56203499999642,0.298631476050831
1.61585300000012,0.298631476050831
1.66411999999732,0.283968719452591
1.71470099999756,0.283968719452591
1.81647699999809,0.274193548387097
1.87981499999762,0.274193548387097
1.92204999999702,0.293743890518084
1.96626999999583,0.26930596285435
2.01426599999517,0.26930596285435
2.06116799999774,0.259530791788857
2.11521499999613,0.25464320625611
2.15900599999726,0.259530791788857
2.19987999999523,0.279081133919844
2.24109699999541,0.259530791788857
2.28630399999768,0.26930596285435
2.33205900000036,0.239980449657869
2.37544999999553,0.25464320625611
2.4213939999938,0.264418377321603
2.47054399999976,0.264418377321603
2.51651199999452,0.239980449657869
2.55990199999511,0.230205278592376
2.60578299999982,0.249755620723363
2.65077299999446,0.230205278592376
2.69801999999583,0.220430107526882
2.74130299999565,0.215542521994135
2.79055099999905,0.25464320625611
2.83890699999779,0.259530791788857
2.89352899999917,0.235092864125122
2.94638399999589,0.230205278592376
3.00904099999368,0.235092864125122
3.0681039999947,0.249755620723363
3.13369199999422,0.215542521994135
3.18812399999797,0.239980449657869
3.24049099999666,0.239980449657869
3.284375,0.230205278592376
3.3262349999994,0.210654936461388
3.37149699999392,0.244868035190616
3.4187650000006,0.225317693059629
3.46700099999458,0.220430107526882
3.51121799999475,0.215542521994135
3.5598049999997,0.230205278592376
3.60122699999809,0.244868035190616
3.6518919999972,0.225317693059629
3.69480099999905,0.220430107526882
3.75067199999839,0.225317693059629
3.79765100000054,0.210654936461388
3.83763899999857,0.244868035190616
3.87922199999541,0.210654936461388
3.92394099999964,0.235092864125122
3.96957299999893,0.230205278592376
4.02040499999374,0.235092864125122
4.06871099999547,0.230205278592376
4.1119639999941,0.215542521994135
4.15444099999964,0.239980449657869
4.19702099999785,0.215542521994135
4.25339799999446,0.220430107526882
4.29745099999756,0.220430107526882
4.34189999999851,0.230205278592376
4.3881400000006,0.249755620723363
4.4326039999947,0.235092864125122
4.47772800000012,0.230205278592376
4.5223900000006,0.239980449657869
4.57227899999917,0.239980449657869
4.62168599999696,0.235092864125122
4.66553899999708,0.225317693059629
4.70653299999982,0.239980449657869
4.75429299999773,0.225317693059629
4.80267699999362,0.220430107526882
4.8459089999944,0.210654936461388
4.89077899999917,0.235092864125122
4.96116099999845,0.195992179863147
5.00579499999434,0.244868035190616
5.05002600000054,0.225317693059629
5.09132099999487,0.220430107526882
5.13835300000012,0.244868035190616
5.1822119999975,0.230205278592376
5.22716099999845,0.220430107526882
5.27656899999827,0.230205278592376
5.32353700000048,0.239980449657869
5.37180999999493,0.230205278592376
5.41486299999803,0.225317693059629
5.4600869999975,0.225317693059629
5.50602499999851,0.249755620723363
5.55115399999917,0.235092864125122
5.59578499999642,0.210654936461388
5.64183599999547,0.244868035190616
5.69104699999839,0.239980449657869
5.73474300000072,0.235092864125122
5.7837650000006,0.220430107526882
5.82917699999362,0.225317693059629
5.87509099999815,0.249755620723363
5.9237839999944,0.25464320625611
5.96767899999768,0.239980449657869
6.00948900000006,0.210654936461388
6.05518599999696,0.239980449657869
6.09924099999666,0.210654936461388
6.14604299999773,0.225317693059629
6.18940199999511,0.239980449657869
6.2310889999941,0.210654936461388
6.2762650000006,0.230205278592376
6.32078299999982,0.239980449657869
6.3617119999975,0.220430107526882
6.40242300000042,0.230205278592376
6.44430099999905,0.220430107526882
6.48973599999398,0.235092864125122
6.53729199999571,0.239980449657869
6.58317199999839,0.225317693059629
6.62776599999517,0.225317693059629
6.66843899999559,0.235092864125122
6.71382299999893,0.210654936461388
6.75900499999523,0.225317693059629
6.80373799999803,0.235092864125122
6.844625,0.215542521994135
6.89077899999917,0.230205278592376
6.93260700000077,0.220430107526882
6.98028999999911,0.220430107526882
7.02958199999481,0.220430107526882
7.07602499999851,0.239980449657869
7.12327699999511,0.239980449657869
7.16347399999946,0.225317693059629
7.20417300000042,0.239980449657869
7.24669599999487,0.220430107526882
7.29213399999589,0.239980449657869
7.33646299999952,0.239980449657869
7.38152899999917,0.215542521994135
7.42690799999982,0.225317693059629
7.47140499999374,0.235092864125122
7.516625,0.220430107526882
7.56153799999505,0.220430107526882
7.60730399999767,0.239980449657869
7.65140100000054,0.235092864125122
7.69278899999708,0.220430107526882
7.73751799999923,0.225317693059629
7.78029199999571,0.220430107526882
7.8279450000003,0.230205278592376
7.87256599999964,0.239980449657869
7.91465799999982,0.225317693059629
7.95805699999631,0.235092864125122
8.00396099999547,0.239980449657869
8.04770899999887,0.215542521994135
8.09479599999636,0.225317693059629
8.13829599999636,0.235092864125122
8.18155199999362,0.220430107526882
8.22545399999619,0.230205278592376
8.27106099999696,0.235092864125122
8.31562299999595,0.230205278592376
8.36070799999684,0.225317693059629
8.40083399999887,0.239980449657869
8.44127099999785,0.225317693059629
8.48732799999416,0.244868035190616
8.530125,0.225317693059629
8.5734849999994,0.239980449657869
8.61767499999702,0.235092864125122
8.65862999999523,0.230205278592376
8.69946299999952,0.230205278592376
8.74510099999607,0.225317693059629
8.78986800000072,0.244868035190616
8.83243899999559,0.230205278592376
8.87584499999881,0.230205278592376
8.9211799999997,0.244868035190616
8.96614999999851,0.225317693059629
9.01147399999946,0.225317693059629
9.06023900000006,0.235092864125122
9.10160099999607,0.239980449657869
9.14768299999833,0.225317693059629
9.1907289999947,0.235092864125122
9.23314699999988,0.239980449657869
9.2726799999997,0.244868035190616
9.31882499999553,0.239980449657869
9.36551399999857,0.230205278592376
9.40398299999535,0.25464320625611
9.45105199999362,0.235092864125122
9.49411800000072,0.225317693059629
9.5348219999969,0.244868035190616
9.57704999999702,0.230205278592376
9.62218899999559,0.244868035190616
9.66738799999654,0.225317693059629
9.71146099999547,0.230205278592376
9.75679399999976,0.249755620723363
9.79772100000083,0.235092864125122
9.84288599999994,0.239980449657869
9.88498900000006,0.244868035190616
9.92890100000054,0.225317693059629
9.97037599999458,0.249755620723363
10.0178239999935,0.225317693059629
10.0639539999962,0.230205278592376
10.1046070000008,0.249755620723363
10.1513460000008,0.230205278592376
10.1945289999992,0.210654936461388
10.2362430000007,0.249755620723363
10.2809670000002,0.230205278592376
10.3259479999989,0.239980449657869
10.3689179999977,0.244868035190616
10.4123149999976,0.239980449657869
10.4570139999986,0.25464320625611
10.4980669999942,0.235092864125122
10.5432829999998,0.230205278592376
10.5884219999984,0.249755620723363
10.6356309999973,0.239980449657869
10.6773680000007,0.230205278592376
10.7209969999939,0.239980449657869
10.7722039999962,0.244868035190616
10.8181229999959,0.239980449657869
10.8629919999987,0.235092864125122
10.9046769999936,0.25464320625611
10.9482219999954,0.239980449657869
10.9936089999974,0.239980449657869
11.0352939999998,0.25464320625611
11.1120979999974,0.249755620723363
11.187424999997,0.25464320625611
11.2406359999999,0.25464320625611
11.3203059999943,0.239980449657869
11.3905639999956,0.25464320625611
11.4738900000006,0.249755620723363
11.5510109999999,0.230205278592376
11.6225409999937,0.225317693059629
11.6722760000005,0.249755620723363
11.7234479999989,0.259530791788857
11.7746359999999,0.264418377321603
11.8226799999997,0.264418377321603
11.8931559999958,0.26930596285435
11.9474299999997,0.225317693059629
11.994548999995,0.230205278592376
12.0424689999968,0.259530791788857
12.0875529999956,0.26930596285435
12.1317269999981,0.230205278592376
12.1756889999956,0.264418377321603
12.2240939999968,0.26930596285435
12.26725,0.235092864125122
12.3096709999964,0.249755620723363
12.3532299999967,0.264418377321603
12.3938239999935,0.225317693059629
12.435173999995,0.259530791788857
12.4880700000003,0.26930596285435
12.5290269999951,0.230205278592376
12.5771579999998,0.264418377321603
12.6246290000007,0.239980449657869
12.6650909999982,0.239980449657869
12.7102119999975,0.25464320625611
12.7600169999972,0.230205278592376
12.8043019999936,0.259530791788857
12.845498999998,0.230205278592376
12.8941559999958,0.249755620723363
12.9386459999979,0.264418377321603
12.9881989999935,0.264418377321603
13.0372650000006,0.25464320625611
13.078236999996,0.225317693059629
13.1229589999989,0.25464320625611
13.1681689999998,0.244868035190616
13.2115379999951,0.230205278592376
13.2595769999996,0.25464320625611
13.3039399999976,0.259530791788857
13.3481569999978,0.225317693059629
13.3941939999983,0.235092864125122
13.4448179999962,0.244868035190616
13.493237999998,0.259530791788857
13.5370319999978,0.25464320625611
13.5823049999997,0.225317693059629
13.6276159999967,0.235092864125122
13.6716699999943,0.264418377321603
13.7145819999948,0.225317693059629
13.759485999994,0.25464320625611
13.799235999994,0.244868035190616
13.8461529999971,0.239980449657869
13.8946259999946,0.230205278592376
13.9380529999956,0.259530791788857
13.9812029999942,0.220430107526882
14.0247799999937,0.239980449657869
14.0652179999948,0.235092864125122
14.1139619999975,0.239980449657869
14.1586059999987,0.239980449657869
14.2005109999999,0.230205278592376
14.2476719999984,0.225317693059629
14.2911709999964,0.249755620723363
14.3314589999989,0.230205278592376
14.3789899999946,0.249755620723363
14.4273989999965,0.259530791788857
14.470362999998,0.25464320625611
14.5165939999968,0.235092864125122
14.5612579999939,0.239980449657869
14.6067430000007,0.264418377321603
14.650425999999,0.230205278592376
14.7002569999993,0.225317693059629
14.748174999997,0.225317693059629
14.7945569999963,0.235092864125122
14.8398079999983,0.259530791788857
14.8832399999946,0.225317693059629
14.9304839999974,0.225317693059629
14.9747929999977,0.25464320625611
15.0200729999989,0.249755620723363
15.0688189999983,0.215542521994135
15.1183879999965,0.249755620723363
15.1648640000001,0.235092864125122
15.207936999999,0.25464320625611
15.2532729999945,0.249755620723363
15.2995739999935,0.239980449657869
15.3424159999937,0.230205278592376
15.3847799999937,0.239980449657869
15.4300679999962,0.215542521994135
15.4706939999983,0.249755620723363
15.5192149999961,0.25464320625611
15.5662119999975,0.244868035190616
15.6098369999975,0.259530791788857
15.6537639999986,0.26930596285435
15.6999069999978,0.249755620723363
15.7443769999966,0.249755620723363
15.785925999999,0.26930596285435
15.8316459999979,0.244868035190616
15.8760989999995,0.259530791788857
15.921112999998,0.264418377321603
15.9666779999956,0.249755620723363
16.0107049999982,0.244868035190616
16.0604969999939,0.235092864125122
16.1018279999942,0.249755620723363
16.1458879999965,0.235092864125122
16.1909159999937,0.25464320625611
16.2361879999936,0.244868035190616
16.2809039999992,0.235092864125122
16.3259849999994,0.239980449657869
16.3715689999983,0.25464320625611
16.4182009999976,0.239980449657869
16.4647069999948,0.200879765395894
16.5102629999965,0.244868035190616
16.5538329999968,0.25464320625611
16.5969809999987,0.235092864125122
16.6407589999959,0.259530791788857
16.6840949999988,0.244868035190616
16.7283969999999,0.239980449657869
16.7728889999986,0.249755620723363
16.8184899999946,0.239980449657869
16.862799999997,0.230205278592376
16.9076510000005,0.249755620723363
16.9541809999943,0.244868035190616
16.9982669999972,0.239980449657869
17.0432069999948,0.249755620723363
17.0885339999944,0.25464320625611
17.1327829999998,0.239980449657869
17.1744609999955,0.249755620723363
17.2203570000008,0.220430107526882
17.2638579999954,0.244868035190616
17.305798999995,0.259530791788857
17.3505749999955,0.249755620723363
17.3948659999967,0.244868035190616
17.4403329999968,0.264418377321603
17.4869569999948,0.244868035190616
17.5335079999939,0.239980449657869
17.5751699999943,0.244868035190616
17.6217109999955,0.249755620723363
17.6657650000006,0.239980449657869
17.7210319999978,0.25464320625611
17.7685209999979,0.244868035190616
17.8086849999949,0.239980449657869
17.8557799999937,0.249755620723363
17.9032199999988,0.249755620723363
17.9484429999962,0.244868035190616
18.0142709999979,0.259530791788857
18.0585279999971,0.244868035190616
18.1059309999943,0.25464320625611
18.1537329999953,0.264418377321603
18.197662999995,0.244868035190616
18.2440869999975,0.249755620723363
18.2896489999965,0.25464320625611
18.3333570000008,0.239980449657869
18.3777439999953,0.239980449657869
18.4244219999984,0.25464320625611
18.4679930000007,0.249755620723363
18.5173539999947,0.239980449657869
18.5580629999936,0.249755620723363
18.6031149999946,0.25464320625611
18.6492239999995,0.239980449657869
18.6938200000003,0.249755620723363
18.7405260000005,0.225317693059629
18.7880749999955,0.259530791788857
18.8322909999937,0.244868035190616
18.8781199999973,0.244868035190616
18.9246659999937,0.259530791788857
18.9785229999945,0.259530791788857
19.0268680000007,0.244868035190616
19.0709450000003,0.25464320625611
19.1117839999944,0.235092864125122
19.1582219999954,0.25464320625611
19.2017980000004,0.249755620723363
19.2458379999995,0.235092864125122
19.2927629999965,0.249755620723363
19.3367039999962,0.25464320625611
19.3817409999967,0.235092864125122
19.4270349999964,0.244868035190616
19.4718420000002,0.25464320625611
19.517125,0.239980449657869
19.5585,0.244868035190616
19.6021009999961,0.249755620723363
19.6480859999955,0.230205278592376
19.6936959999949,0.25464320625611
19.7382189999968,0.259530791788857
19.7805150000006,0.239980449657869
19.8284560000002,0.244868035190616
19.8728949999958,0.259530791788857
19.9148889999986,0.239980449657869
19.9474089999944,0.235092864125122
19.9928570000008,0.239980449657869
20.0362799999937,0.25464320625611
20.079173999995,0.239980449657869
20.1289019999951,0.244868035190616
20.1723329999968,0.25464320625611
20.2142019999996,0.235092864125122
20.2582849999964,0.249755620723363
20.2993599999994,0.244868035190616
20.345924999997,0.244868035190616
20.3936559999958,0.244868035190616
20.4378299999982,0.259530791788857
20.4818049999997,0.239980449657869
20.5300059999973,0.244868035190616
20.5735289999992,0.25464320625611
20.6189129999951,0.25464320625611
20.6818289999962,0.215542521994135
20.7297870000005,0.239980449657869
20.7738699999973,0.259530791788857
20.818560999997,0.244868035190616
20.8651809999943,0.244868035190616
20.9055869999975,0.264418377321603
20.9504849999994,0.244868035190616
20.9963059999943,0.235092864125122
21.0408139999956,0.244868035190616
21.0852699999958,0.249755620723363
21.1349010000005,0.249755620723363
21.1814959999993,0.239980449657869
21.2309289999977,0.239980449657869
21.2693919999972,0.25464320625611
21.3170629999936,0.235092864125122
21.3663669999987,0.235092864125122
21.4198019999936,0.239980449657869
21.4671569999978,0.244868035190616
21.5114729999974,0.249755620723363
21.5523460000008,0.25464320625611
21.597861999996,0.239980449657869
21.6427199999988,0.244868035190616
21.6875629999936,0.264418377321603
21.7346689999998,0.249755620723363
21.7770759999976,0.244868035190616
21.8231519999951,0.259530791788857
21.8679399999976,0.244868035190616
21.9142909999937,0.239980449657869
21.9616140000001,0.244868035190616
22.0032870000005,0.259530791788857
22.0532170000002,0.25464320625611
22.0973389999941,0.239980449657869
22.1381849999949,0.259530791788857
22.1856339999959,0.239980449657869
22.233936999999,0.235092864125122
22.2772859999985,0.235092864125122
22.3225799999982,0.244868035190616
22.3685979999974,0.230205278592376
22.4127939999998,0.225317693059629
22.461311999999,0.220430107526882
22.5178359999955,0.239980449657869
22.593311999999,0.249755620723363
22.6416180000007,0.249755620723363
22.6840639999956,0.25464320625611
22.7338599999994,0.244868035190616
22.7774679999948,0.244868035190616
22.8260349999964,0.249755620723363
22.8690439999998,0.264418377321603
22.9181689999998,0.244868035190616
22.9654539999962,0.249755620723363
23.0062749999985,0.26930596285435
23.0474019999951,0.264418377321603
23.0925459999964,0.274193548387097
23.1380049999952,0.26930596285435
23.1832479999959,0.249755620723363
23.2317170000002,0.244868035190616
23.2907779999971,0.264418377321603
23.3567639999986,0.26930596285435
23.4353439999968,0.25464320625611
23.5042609999999,0.259530791788857
23.5564699999988,0.259530791788857
23.5996299999952,0.239980449657869
23.641311999999,0.249755620723363
23.6911379999965,0.25464320625611
23.7393809999973,0.249755620723363
23.7853969999999,0.235092864125122
23.8338809999973,0.230205278592376
23.8795439999998,0.225317693059629
23.9245949999988,0.235092864125122
23.9752609999999,0.239980449657869
24.023122999996,0.239980449657869
24.0673249999955,0.225317693059629
24.1079849999994,0.230205278592376
24.1553279999942,0.230205278592376
24.1981829999983,0.220430107526882
24.2430739999935,0.230205278592376
24.2890669999942,0.239980449657869
24.3336219999939,0.230205278592376
24.3787529999986,0.220430107526882
24.4195789999962,0.244868035190616
24.4648099999949,0.225317693059629
24.5112479999959,0.239980449657869
24.5559769999981,0.244868035190616
24.6003530000001,0.230205278592376
24.6445379999951,0.230205278592376
24.6904919999987,0.249755620723363
24.7354309999943,0.235092864125122
24.7790349999964,0.220430107526882
24.8249519999996,0.239980449657869
24.8698559999987,0.239980449657869
24.9193039999977,0.235092864125122
24.9644739999995,0.225317693059629
25.0101909999996,0.235092864125122
25.0788029999957,0.230205278592376
25.1247259999961,0.244868035190616
25.1695329999998,0.244868035190616
25.2224139999971,0.25464320625611
25.263,0.230205278592376
25.3128269999996,0.230205278592376
25.3639739999995,0.235092864125122
25.4127609999999,0.235092864125122
25.4681709999964,0.249755620723363
25.5166579999998,0.239980449657869
25.5661840000004,0.239980449657869
25.6197399999946,0.249755620723363
25.6691469999999,0.249755620723363
25.714674999997,0.230205278592376
25.7595169999972,0.239980449657869
25.803623999998,0.230205278592376
25.8492189999968,0.244868035190616
25.8949710000008,0.259530791788857
25.9449049999937,0.274193548387097
25.9937479999959,0.274193548387097
26.0376789999977,0.283968719452591
26.0824699999988,0.249755620723363
26.1280419999957,0.249755620723363
26.1721589999944,0.283968719452591
26.2216259999946,0.279081133919844
26.2668420000002,0.220430107526882
26.3131329999939,0.244868035190616
26.3571819999963,0.274193548387097
26.4013479999974,0.264418377321603
26.4480269999951,0.244868035190616
26.4963039999977,0.244868035190616
26.5414269999936,0.259530791788857
26.5896929999962,0.26930596285435
26.64825,0.235092864125122
26.6924489999935,0.25464320625611
26.7375649999976,0.26930596285435
26.7835150000006,0.239980449657869
26.8832909999937,0.249755620723363
26.9258589999974,0.239980449657869
26.9666599999964,0.264418377321603
27.0158859999999,0.244868035190616
27.062622999996,0.235092864125122
27.1064149999991,0.25464320625611
27.1598219999969,0.244868035190616
27.2014539999962,0.259530791788857
27.2483059999943,0.235092864125122
27.2959560000002,0.244868035190616
27.3402829999998,0.264418377321603
27.3857219999954,0.264418377321603
27.4344289999977,0.239980449657869
27.4837349999994,0.235092864125122
27.5274710000008,0.235092864125122
27.573112999998,0.25464320625611
27.6204609999955,0.25464320625611
27.6803449999988,0.230205278592376
27.7292479999959,0.230205278592376
27.7777349999994,0.235092864125122
27.8325839999989,0.239980449657869
27.8801469999999,0.230205278592376
27.9348909999952,0.225317693059629
27.9854189999998,0.259530791788857
28.0381229999959,0.25464320625611
28.0970040000007,0.235092864125122
28.1466730000004,0.239980449657869
28.1959659999982,0.244868035190616
28.2412179999948,0.25464320625611
28.2867229999974,0.264418377321603
28.3330339999944,0.235092864125122
28.3761389999986,0.244868035190616
28.4213979999945,0.26930596285435
28.4668169999942,0.244868035190616
28.5112980000004,0.239980449657869
28.553724999994,0.259530791788857
28.5966469999999,0.230205278592376
28.6521929999962,0.244868035190616
28.7022749999985,0.244868035190616
28.7497799999937,0.225317693059629
28.7937709999979,0.239980449657869
28.8380879999995,0.274193548387097
28.8849459999949,0.25464320625611
28.9348829999939,0.235092864125122
28.9784839999974,0.239980449657869
29.0236049999967,0.25464320625611
29.0691840000004,0.25464320625611
29.1137819999978,0.230205278592376
29.1546379999965,0.26930596285435
29.2003059999943,0.244868035190616
29.2440239999965,0.230205278592376
29.2900590000004,0.26930596285435
29.3362819999978,0.25464320625611
29.3852509999946,0.235092864125122
29.431861999996,0.235092864125122
29.4737189999968,0.25464320625611
29.5205649999976,0.259530791788857
29.5673929999992,0.239980449657869
29.6092870000005,0.244868035190616
29.6557919999957,0.26930596285435
29.7040359999984,0.25464320625611
29.7483369999975,0.235092864125122
29.792800999999,0.249755620723363
29.8409230000004,0.264418377321603
29.8885239999965,0.264418377321603
29.937810999997,0.25464320625611
29.9865179999992,0.244868035190616
30.0297579999939,0.235092864125122
30.0757629999965,0.259530791788857
30.1232269999981,0.264418377321603
30.1715859999955,0.249755620723363
30.2154689999968,0.230205278592376
30.2596809999943,0.235092864125122
30.3064699999988,0.26930596285435
30.3498029999957,0.25464320625611
30.3993189999983,0.230205278592376
30.4590399999991,0.26930596285435
30.5182439999953,0.264418377321603
30.5685089999959,0.259530791788857
30.6125069999993,0.235092864125122
30.6591759999991,0.259530791788857
30.7113879999965,0.264418377321603
30.7599909999967,0.235092864125122
30.8070729999989,0.264418377321603
30.8495019999966,0.239980449657869
30.8947009999976,0.230205278592376
30.9422650000006,0.264418377321603
30.9899409999996,0.26930596285435
31.0342199999988,0.235092864125122
31.0919230000004,0.235092864125122
31.1447579999939,0.230205278592376
31.1912449999973,0.259530791788857
31.2347679999992,0.264418377321603
31.2793420000002,0.230205278592376
31.3257299999967,0.25464320625611
31.3768249999955,0.25464320625611
31.423549999997,0.264418377321603
31.4676159999967,0.259530791788857
31.5127229999974,0.225317693059629
31.5590799999982,0.249755620723363
31.6109529999942,0.259530791788857
31.6573139999956,0.264418377321603
31.7009890000001,0.259530791788857
31.7465159999952,0.225317693059629
31.793612999998,0.249755620723363
31.8456009999961,0.244868035190616
31.9072949999943,0.259530791788857
31.9611549999937,0.235092864125122
32.0338879999965,0.239980449657869
32.0757109999955,0.249755620723363
32.1236779999956,0.249755620723363
32.1681819999963,0.249755620723363
32.2144049999937,0.225317693059629
32.2602019999996,0.235092864125122
32.3035309999958,0.264418377321603
32.3493549999967,0.230205278592376
32.3981950000003,0.230205278592376
32.4443769999966,0.239980449657869
32.4923549999967,0.264418377321603
32.5370169999972,0.26930596285435
32.5951339999959,0.235092864125122
32.6489600000009,0.230205278592376
32.6979930000007,0.230205278592376
32.748724999994,0.230205278592376
32.8032039999962,0.264418377321603
32.8488649999946,0.235092864125122
32.9017459999993,0.249755620723363
32.9550179999992,0.25464320625611
33.0189179999977,0.230205278592376
33.081748999998,0.239980449657869
33.1273329999968,0.230205278592376
33.1721699999943,0.26930596285435
33.2217179999948,0.26930596285435
33.2655299999937,0.230205278592376
33.3071889999956,0.249755620723363
33.3526369999945,0.259530791788857
33.3981339999959,0.230205278592376
33.4421409999952,0.249755620723363
33.4839679999948,0.259530791788857
33.5291979999989,0.235092864125122
33.5735599999949,0.26930596285435
33.6182760000005,0.249755620723363
33.6596199999973,0.230205278592376
33.700237999998,0.259530791788857
33.7468139999956,0.225317693059629
33.7991469999999,0.235092864125122
33.8433139999956,0.244868035190616
33.8894010000005,0.259530791788857
33.9345949999988,0.259530791788857
33.9782739999965,0.230205278592376
34.0237849999964,0.244868035190616
34.0736299999952,0.230205278592376
34.1190239999965,0.25464320625611
34.1688090000004,0.239980449657869
34.2249849999994,0.264418377321603
34.2690559999943,0.264418377321603
34.3157119999975,0.235092864125122
34.3660569999963,0.225317693059629
34.4097039999962,0.249755620723363
34.4542349999994,0.249755620723363
34.5002139999941,0.235092864125122
34.5435769999996,0.230205278592376
34.5867980000004,0.25464320625611
34.6351489999965,0.235092864125122
34.6795419999957,0.210654936461388
34.7347540000007,0.205767350928641
34.7831539999992,0.195992179863147
34.8265299999937,0.191104594330401
34.8714839999974,0.225317693059629
34.9198969999999,0.215542521994135
34.9678090000004,0.215542521994135
35.0107809999958,0.200879765395894
35.0565960000008,0.191104594330401
35.1029029999971,0.166666666666667
35.1466469999999,0.147116324535679
35.191625,0.156891495601173
35.2372119999975,0.16177908113392
35.282173999995,0.142228739002932
35.3259169999957,0.137341153470186
35.3756039999947,0.137341153470186
35.4236719999984,0.171554252199413
35.4654609999955,0.186217008797654
35.510236999996,0.186217008797654
35.5559439999983,0.205767350928641
35.6007969999984,0.186217008797654
35.6501899999976,0.186217008797654
35.6993709999993,0.205767350928641
35.7442769999951,0.210654936461388
35.7970859999955,0.200879765395894
35.8419589999989,0.205767350928641
35.8890669999942,0.210654936461388
35.9372689999938,0.215542521994135
35.9817639999986,0.220430107526882
36.0238269999996,0.235092864125122
36.0687390000001,0.25464320625611
36.1131549999937,0.225317693059629
36.1586609999985,0.239980449657869
36.2043869999945,0.259530791788857
36.2527049999982,0.26930596285435
36.3007479999959,0.298631476050831
36.3773919999972,0.298631476050831
36.4223079999983,0.313294232649072
36.4650920000002,0.279081133919844
36.5099560000002,0.274193548387097
36.5569589999989,0.298631476050831
36.5995040000007,0.288856304985337
36.6410179999992,0.288856304985337
36.6865529999956,0.279081133919844
36.7353379999995,0.283968719452591
36.7846599999964,0.26930596285435
36.8290810000002,0.264418377321603
36.8743640000001,0.26930596285435
36.9247760000005,0.274193548387097
36.968986999996,0.274193548387097
37.0135839999989,0.249755620723363
37.0595209999979,0.264418377321603
37.1035700000003,0.264418377321603
37.158248999998,0.244868035190616
37.2020549999997,0.264418377321603
37.246685999997,0.244868035190616
37.292298999995,0.25464320625611
37.3378859999999,0.283968719452591
37.3866469999999,0.298631476050831
37.4313589999974,0.323069403714565
37.4785749999955,0.293743890518084
37.5260169999972,0.244868035190616
37.5709639999941,0.230205278592376
37.620175999999,0.239980449657869
37.6645879999995,0.244868035190616
37.7117529999986,0.244868035190616
37.7595379999951,0.244868035190616
37.8044699999988,0.244868035190616
37.8527949999943,0.25464320625611
37.8982259999961,0.264418377321603
37.9477629999965,0.26930596285435
37.9933059999943,0.26930596285435
38.0380239999965,0.274193548387097
38.0872009999976,0.264418377321603
38.1314820000008,0.259530791788857
38.1789729999974,0.25464320625611
38.2276969999969,0.225317693059629
38.2717019999996,0.235092864125122
38.3165899999961,0.308406647116325
38.3627599999979,0.26930596285435
38.4067829999998,0.26930596285435
38.454674999997,0.274193548387097
38.5004829999954,0.26930596285435
38.5468029999956,0.25464320625611
38.5951769999936,0.244868035190616
38.6393289999962,0.25464320625611
38.6846569999978,0.244868035190616
38.733625,0.259530791788857
38.8174569999948,0.259530791788857
38.8689820000008,0.259530791788857
38.9149529999942,0.25464320625611
38.9605429999977,0.249755620723363
39.0081579999998,0.249755620723363
39.0624279999957,0.244868035190616
39.1072849999964,0.239980449657869
39.156050999999,0.235092864125122
39.2009689999968,0.293743890518084
39.2504930000007,0.26930596285435
39.2961279999986,0.259530791788857
39.3459099999964,0.249755620723363
39.3929699999988,0.244868035190616
39.4340700000003,0.249755620723363
39.4822760000005,0.249755620723363
39.529050999999,0.244868035190616
39.5739939999953,0.25464320625611
39.626061999999,0.264418377321603
39.672186999999,0.25464320625611
39.7180599999949,0.25464320625611
39.7645299999937,0.249755620723363
39.806875,0.244868035190616
39.8522889999971,0.239980449657869
39.8979529999942,0.244868035190616
39.9419759999961,0.244868035190616
39.9876799999997,0.235092864125122
40.032912999995,0.249755620723363
40.0833069999963,0.244868035190616
40.1322320000008,0.244868035190616
40.1759839999974,0.259530791788857
40.2210549999997,0.249755620723363
40.2671089999974,0.25464320625611
40.3108079999983,0.25464320625611
40.356111999996,0.25464320625611
40.4011529999971,0.239980449657869
40.4511449999958,0.230205278592376
40.5000209999979,0.220430107526882
40.544498999998,0.205767350928641
40.5892349999994,0.195992179863147
40.6351299999952,0.195992179863147
40.6795119999945,0.195992179863147
40.7288969999999,0.195992179863147
40.7733379999995,0.181329423264907
40.8198509999961,0.181329423264907
40.8639719999954,0.181329423264907
40.904112999998,0.186217008797654
40.9520819999948,0.191104594330401
41.002611999996,0.205767350928641
41.0491730000004,0.220430107526882
41.0970979999974,0.215542521994135
41.1468429999948,0.215542521994135
41.1911799999997,0.210654936461388
41.2362709999979,0.205767350928641
41.2812409999967,0.225317693059629
41.3310719999969,0.259530791788857
41.3804789999947,0.279081133919844
41.4383579999954,0.303519061583578
41.4838509999961,0.332844574780059
41.5308819999993,0.36217008797654
41.5727879999951,0.37683284457478
41.6227139999941,0.37683284457478
41.6692159999982,0.381720430107527
41.7158509999961,0.381720430107527
41.765061999999,0.381720430107527
41.8101999999955,0.381720430107527
41.856737999998,0.381720430107527
41.9015169999972,0.391495601173021
41.9450389999971,0.386608015640274
41.9904159999937,0.36217008797654
42.0371579999998,0.357282502443793
42.0860899999961,0.357282502443793
42.1335209999979,0.352394916911046
42.1742189999968,0.347507331378299
42.2203999999985,0.332844574780059
42.2691329999939,0.332844574780059
42.3090879999995,0.327956989247312
42.3566950000003,0.327956989247312
42.404425999999,0.323069403714565
42.4541589999944,0.318181818181818
42.5039230000004,0.318181818181818
42.5474569999948,0.279081133919844
42.5919649999961,0.274193548387097
42.6419089999944,0.26930596285435
42.6865399999991,0.25464320625611
42.7355539999977,0.220430107526882
42.7761099999994,0.225317693059629
42.8218649999946,0.249755620723363
42.8710399999991,0.303519061583578
42.9162419999987,0.313294232649072
42.9686009999961,0.313294232649072
43.0179469999969,0.283968719452591
43.0722669999972,0.274193548387097
43.120436999999,0.274193548387097
43.1655480000004,0.274193548387097
43.2112870000005,0.26930596285435
43.2678769999966,0.26930596285435
43.3133039999977,0.26930596285435
43.3601779999956,0.259530791788857
43.4108589999974,0.259530791788857
43.4593999999985,0.25464320625611
43.511236999996,0.264418377321603
43.5587179999947,0.283968719452591
43.6042100000009,0.288856304985337
43.6692980000004,0.288856304985337
43.7223999999985,0.293743890518084
43.7719379999936,0.283968719452591
43.8212259999961,0.279081133919844
43.8786579999998,0.288856304985337
43.9276019999981,0.288856304985337
43.9783869999945,0.323069403714565
44.0269349999949,0.318181818181818
44.0760449999943,0.293743890518084
44.1423979999945,0.283968719452591
44.1944670000002,0.235092864125122
44.2451539999992,0.17644183773216
44.2932069999948,0.122678396871945
44.3418879999965,0.0640273704789833
44.3906819999963,0.0347018572825024
44.4396259999946,-0.00928641251221896
44.488435999997,0.117790811339198
44.5342699999958,0.137341153470186
44.5794609999955,0.0542521994134897
44.6279919999987,0.0689149560117301
44.6779979999959,0.0835777126099706
44.728048999995,0.0982404692082111
44.7774639999941,0.137341153470186
44.8325929999947,0.166666666666667
44.882236999996,0.200879765395894
44.9308429999948,0.230205278592376
44.976185999997,0.249755620723363
45.0249919999987,0.259530791788857
45.0746709999964,0.264418377321603
45.1288839999959,0.274193548387097
45.1730459999964,0.283968719452591
45.2216979999989,0.298631476050831
45.2678469999954,0.318181818181818
45.3157629999965,0.337732160312806
45.3631429999992,0.367057673509287
45.4093859999999,0.420821114369502
45.4590159999952,0.425708699902248
45.5003519999981,0.425708699902248
45.5476389999986,0.420821114369502
45.5946489999965,0.415933528836755
45.6389689999968,0.430596285434995
45.6842159999982,0.435483870967742
45.7378729999959,0.347507331378299
45.7864029999971,0.367057673509287
45.8282760000005,0.37683284457478
45.8725439999998,0.37683284457478
45.9180879999995,0.36217008797654
45.9635299999937,0.36217008797654
46.0138949999958,0.36217008797654
46.0652339999974,0.36217008797654
46.1157009999976,0.37683284457478
46.1649429999962,0.332844574780059
46.2131529999971,0.293743890518084
46.2621079999954,0.274193548387097
46.3034209999964,0.244868035190616
46.3523310000002,0.152003910068426
46.3991730000004,0.200879765395894
46.4479820000008,0.215542521994135
46.4948389999941,0.225317693059629
46.5444529999942,0.210654936461388
46.594061999999,0.215542521994135
46.6343570000008,0.186217008797654
46.6750599999949,0.186217008797654
46.729237999998,0.195992179863147
46.7697469999939,0.195992179863147
46.8156510000005,0.200879765395894
46.864360999994,0.215542521994135
46.9091519999951,0.215542521994135
46.9542199999988,0.210654936461388
46.9994179999977,0.215542521994135
47.0490799999982,0.225317693059629
47.1199429999962,0.230205278592376
47.184985999994,0.235092864125122
47.2557959999964,0.225317693059629
47.3373570000008,0.220430107526882
47.4046849999949,0.225317693059629
47.4626459999979,0.239980449657869
47.5242259999961,0.235092864125122
47.5808809999973,0.279081133919844
47.6359189999998,0.274193548387097
47.6790969999954,0.288856304985337
47.7248889999986,0.274193548387097
47.7697229999974,0.279081133919844
47.8198779999986,0.283968719452591
47.8631939999983,0.283968719452591
47.9042659999952,0.283968719452591
47.9494789999947,0.279081133919844
47.9987650000006,0.274193548387097
48.0432069999948,0.279081133919844
48.0900469999984,0.274193548387097
48.1346329999939,0.274193548387097
48.178561999999,0.283968719452591
48.2238829999939,0.283968719452591
48.2707399999946,0.283968719452591
48.3140969999954,0.288856304985337
48.3586439999938,0.283968719452591
48.4049649999961,0.283968719452591
48.4551679999977,0.283968719452591
48.5033829999939,0.288856304985337
48.5471779999956,0.288856304985337
48.5925869999975,0.293743890518084
48.6384699999988,0.288856304985337
48.6820899999961,0.288856304985337
48.727810999997,0.283968719452591
48.7744849999994,0.279081133919844
48.8234899999946,0.279081133919844
48.8722079999968,0.279081133919844
48.9159159999937,0.279081133919844
48.9696140000001,0.274193548387097
49.0139319999963,0.283968719452591
49.0604279999956,0.279081133919844
49.108561999999,0.283968719452591
49.1528350000009,0.26930596285435
49.2031979999989,0.279081133919844
49.2520429999977,0.283968719452591
49.2973439999968,0.288856304985337
49.3432309999987,0.288856304985337
49.387487999998,0.274193548387097
49.4353699999973,0.26930596285435
49.4808759999946,0.274193548387097
49.526424999997,0.26930596285435
49.5712119999975,0.26930596285435
49.6208790000007,0.26930596285435
49.6662409999967,0.274193548387097
49.7107509999946,0.274193548387097
49.7557390000001,0.274193548387097
49.8005859999955,0.279081133919844
49.8457569999993,0.279081133919844
49.8906279999986,0.279081133919844
49.9361359999999,0.274193548387097
49.9803929999992,0.279081133919844
50.0264399999976,0.283968719452591
50.0710229999944,0.274193548387097
50.116423999995,0.264418377321603
50.1613269999996,0.26930596285435
50.2068909999952,0.26930596285435
50.2544230000004,0.264418377321603
50.2965389999971,0.26930596285435
50.3421489999965,0.274193548387097
50.3898879999965,0.264418377321603
50.4351899999976,0.259530791788857
50.4810389999971,0.239980449657869
50.526610999994,0.274193548387097
50.5712419999987,0.26930596285435
50.6158029999957,0.26930596285435
50.6611419999972,0.274193548387097
50.7058640000001,0.274193548387097
50.7551639999971,0.264418377321603
50.7960119999945,0.26930596285435
50.8404739999995,0.274193548387097
50.8905719999969,0.264418377321603
50.9348879999965,0.259530791788857
50.9811799999997,0.26930596285435
51.0268489999995,0.26930596285435
51.0706950000003,0.26930596285435
51.1192859999984,0.259530791788857
51.1811689999998,0.26930596285435
51.2256840000004,0.26930596285435
51.2709499999955,0.26930596285435
51.3160139999986,0.26930596285435
51.3652909999937,0.264418377321603
51.4170319999978,0.264418377321603
51.4715349999964,0.264418377321603
51.5205279999971,0.259530791788857
51.5654419999942,0.25464320625611
51.6170639999956,0.239980449657869
51.6645439999998,0.249755620723363
51.7158719999939,0.244868035190616
51.7636539999992,0.259530791788857
51.8080810000002,0.259530791788857
51.865298999995,0.25464320625611
51.9100269999951,0.259530791788857
51.9589699999988,0.259530791788857
52.0004289999977,0.249755620723363
52.0522060000002,0.26930596285435
52.8401229999959,0.288856304985337
53.364436999999,0.279081133919844
53.4132439999953,0.279081133919844
53.4627789999992,0.26930596285435
53.5071699999943,0.283968719452591
53.5538709999993,0.279081133919844
53.6031819999963,0.283968719452591
53.656425999999,0.283968719452591
53.7118449999988,0.288856304985337
53.7731070000008,0.283968719452591
53.8231079999953,0.283968719452591
53.8755949999988,0.288856304985337
53.9221089999974,0.279081133919844
53.9706439999938,0.274193548387097
54.021985999994,0.26930596285435
54.0700419999957,0.26930596285435
54.1144829999953,0.26930596285435
54.166912999995,0.26930596285435
54.2165269999951,0.26930596285435
54.306864,0.264418377321603
54.3512189999968,0.26930596285435
54.3994919999987,0.264418377321603
54.4494109999984,0.274193548387097
54.4984289999977,0.274193548387097
54.5430899999961,0.274193548387097
54.5901429999992,0.26930596285435
54.6399699999988,0.264418377321603
54.6886569999978,0.26930596285435
54.7375359999984,0.259530791788857
54.7804010000005,0.259530791788857
54.8260639999956,0.264418377321603
54.8732919999957,0.259530791788857
54.9213049999997,0.259530791788857
54.9700219999999,0.259530791788857
55.0147619999945,0.259530791788857
55.0676059999987,0.259530791788857
55.1221409999952,0.259530791788857
55.1700239999965,0.25464320625611
55.2146349999979,0.259530791788857
55.2603829999939,0.259530791788857
55.3081089999974,0.259530791788857
55.3553839999959,0.259530791788857
55.4056609999984,0.259530791788857
55.4523299999982,0.259530791788857
55.502236999996,0.25464320625611
55.5467859999984,0.25464320625611
55.5918329999968,0.25464320625611
55.6369949999973,0.249755620723363
55.6825409999937,0.249755620723363
55.7268909999952,0.25464320625611
55.7723729999959,0.25464320625611
55.8223079999983,0.249755620723363
55.8667289999947,0.249755620723363
55.9121199999973,0.25464320625611
55.9568350000009,0.249755620723363
56.0016699999943,0.249755620723363
56.0473189999983,0.25464320625611
56.0923819999993,0.25464320625611
56.1365879999995,0.249755620723363
56.1817939999998,0.25464320625611
56.2282049999982,0.259530791788857
56.2781599999964,0.25464320625611
56.3264230000004,0.249755620723363
56.3757109999955,0.249755620723363
56.4242889999971,0.249755620723363
56.4687149999961,0.244868035190616
56.5180439999997,0.244868035190616
56.5626689999998,0.249755620723363
56.6076429999992,0.249755620723363
56.657974999994,0.249755620723363
56.702349999994,0.244868035190616
56.7514619999975,0.244868035190616
56.7968829999939,0.239980449657869
56.8539289999977,0.249755620723363
56.912862999998,0.25464320625611
56.961236999996,0.25464320625611
57.0106939999983,0.25464320625611
57.0592009999976,0.249755620723363
57.1030480000004,0.244868035190616
57.1523559999987,0.244868035190616
57.1970419999957,0.244868035190616
57.2476070000008,0.249755620723363
57.3140739999935,0.244868035190616
57.3644089999944,0.249755620723363
57.4121099999994,0.249755620723363
57.4599809999987,0.249755620723363
57.509425999999,0.244868035190616
57.5577009999975,0.220430107526882
57.6032390000001,0.244868035190616
57.6491009999961,0.244868035190616
57.6932469999939,0.25464320625611
57.7376489999965,0.249755620723363
57.7839839999974,0.249755620723363
57.8296899999976,0.244868035190616
57.8731549999937,0.239980449657869
57.9226339999959,0.239980449657869
57.9673289999962,0.239980449657869
58.0169059999958,0.244868035190616
58.0637219999954,0.249755620723363
58.1170909999982,0.249755620723363
58.1651499999985,0.249755620723363
58.2145519999936,0.249755620723363
58.2624829999953,0.249755620723363
58.3119849999994,0.239980449657869
58.3662019999996,0.249755620723363
58.410037999995,0.249755620723363
58.4647949999943,0.249755620723363
58.5122749999985,0.249755620723363
58.5610669999942,0.249755620723363
58.6061049999967,0.239980449657869
58.6551329999939,0.239980449657869
58.7011309999973,0.239980449657869
58.7475719999969,0.244868035190616
58.7947569999993,0.244868035190616
58.8443289999962,0.244868035190616
58.8993519999981,0.244868035190616
58.9472939999998,0.244868035190616
58.9957879999951,0.244868035190616
59.044561999999,0.244868035190616
59.0902819999978,0.239980449657869
59.1351489999965,0.239980449657869
59.1790889999941,0.244868035190616
59.2292189999968,0.249755620723363
59.2743189999983,0.249755620723363
59.3270810000002,0.249755620723363
59.3764099999964,0.244868035190616
59.4211599999964,0.239980449657869
59.4683369999975,0.239980449657869
59.5173649999946,0.244868035190616
59.5661699999943,0.239980449657869
59.6134159999937,0.244868035190616
59.6635099999979,0.244868035190616
59.7081799999997,0.239980449657869
59.7538449999988,0.239980449657869
59.7992129999995,0.239980449657869
59.8482549999952,0.235092864125122
59.897237999998,0.244868035190616
59.946112999998,0.249755620723363
59.9953159999996,0.244868035190616
60.039599999994,0.244868035190616
60.0871899999976,0.244868035190616
60.1367039999962,0.239980449657869
60.1833559999987,0.239980449657869
60.2332729999944,0.239980449657869
60.2875829999968,0.239980449657869
60.3371989999935,0.239980449657869
60.3852779999971,0.239980449657869
60.4389780000001,0.235092864125122
60.4880909999981,0.239980449657869
60.5378319999948,0.239980449657869
60.5856689999998,0.239980449657869
60.6340260000005,0.244868035190616
60.6786209999993,0.249755620723363
60.7243169999942,0.244868035190616
60.773599999994,0.244868035190616
60.8261089999974,0.249755620723363
60.8729589999989,0.249755620723363
60.9218350000009,0.239980449657869
60.9718589999974,0.239980449657869
61.0192469999939,0.239980449657869
61.0681319999993,0.239980449657869
61.127436999999,0.239980449657869
61.1742129999995,0.239980449657869
61.2212689999938,0.239980449657869
61.268873999998,0.239980449657869
61.3245009999946,0.239980449657869
61.3744799999967,0.239980449657869
61.4289169999957,0.244868035190616
61.4748879999965,0.235092864125122
61.5237540000006,0.239980449657869
61.5729719999954,0.239980449657869
61.6212540000006,0.244868035190616
61.6697769999951,0.244868035190616
61.7155329999998,0.244868035190616
61.7642280000001,0.244868035190616
61.8089789999947,0.239980449657869
61.8560089999959,0.239980449657869
61.9109930000007,0.239980449657869
61.9587579999938,0.239980449657869
62.0099600000009,0.239980449657869
62.0575879999995,0.239980449657869
62.1129340000004,0.244868035190616
62.1593269999996,0.244868035190616
62.2090659999996,0.244868035190616
62.2795449999943,0.244868035190616
62.3259699999988,0.220430107526882
62.3766999999955,0.244868035190616
62.4274299999997,0.244868035190616
62.4736849999949,0.239980449657869
62.5269849999994,0.249755620723363
62.5777579999939,0.244868035190616
62.6282629999965,0.244868035190616
62.6766549999937,0.239980449657869
62.7277309999987,0.239980449657869
62.7799279999957,0.239980449657869
62.8260429999977,0.239980449657869
62.8739820000008,0.239980449657869
62.9225029999986,0.244868035190616
62.9642349999994,0.239980449657869
63.0127909999937,0.244868035190616
63.0602179999948,0.249755620723363
63.1089279999957,0.244868035190616
63.157485999994,0.249755620723363
63.2065949999988,0.249755620723363
63.2594959999993,0.25464320625611
63.3106939999983,0.25464320625611
63.3568530000001,0.259530791788857
63.4028979999945,0.259530791788857
63.4559279999957,0.25464320625611
63.5007119999975,0.249755620723363
63.5474769999981,0.25464320625611
63.5957469999939,0.25464320625611
63.6493559999987,0.249755620723363
63.6973319999948,0.249755620723363
63.7486659999937,0.249755620723363
63.7969689999968,0.244868035190616
63.847435999997,0.244868035190616
63.8955909999981,0.244868035190616
63.9395480000004,0.239980449657869
63.9924399999976,0.244868035190616
64.0419340000004,0.239980449657869
64.0968289999962,0.249755620723363
64.1469789999947,0.239980449657869
64.1977569999993,0.244868035190616
64.2485749999955,0.244868035190616
64.2950529999956,0.249755620723363
64.3477729999944,0.244868035190616
64.3985169999972,0.239980449657869
64.448810999997,0.239980449657869
64.4972479999959,0.235092864125122
64.5472259999961,0.239980449657869
64.5939609999955,0.210654936461388
64.6432479999959,0.249755620723363
64.6932419999987,0.25464320625611
64.7373329999968,0.249755620723363
64.7867909999937,0.249755620723363
64.8337879999951,0.249755620723363
64.8825019999966,0.25464320625611
64.9332559999973,0.249755620723363
64.9818530000001,0.239980449657869
65.0291519999951,0.25464320625611
65.0780150000006,0.25464320625611
65.1261299999952,0.25464320625611
65.1686809999943,0.249755620723363
65.2135269999951,0.25464320625611
65.2674469999969,0.244868035190616
65.3181809999943,0.244868035190616
65.3674489999935,0.244868035190616
65.4133659999967,0.249755620723363
65.4686379999965,0.244868035190616
65.5185559999943,0.244868035190616
65.567674999997,0.244868035190616
65.6141829999983,0.244868035190616
65.6640929999948,0.249755620723363
65.7129569999948,0.249755620723363
65.7611699999943,0.249755620723363
65.8108779999986,0.249755620723363
65.8556349999979,0.249755620723363
65.902235999994,0.244868035190616
65.9455639999956,0.220430107526882
65.9913059999943,0.249755620723363
66.036549999997,0.244868035190616
66.0866779999956,0.249755620723363
66.1366290000007,0.249755620723363
66.1852069999948,0.25464320625611
66.2318869999945,0.244868035190616
66.277685999997,0.249755620723363
66.3231849999949,0.249755620723363
66.3724419999942,0.244868035190616
66.4567009999976,0.244868035190616
66.9821649999991,0.274193548387097
67.274,0.279081133919844
67.3182170000002,0.259530791788857
67.3674589999989,0.239980449657869
67.4083310000002,0.230205278592376
67.4552609999999,0.215542521994135
67.5019309999943,0.215542521994135
67.5584049999937,0.205767350928641
67.6069710000008,0.210654936461388
67.6564539999962,0.191104594330401
67.7026070000008,0.200879765395894
67.7473949999958,0.220430107526882
67.7938779999986,0.235092864125122
67.8401479999944,0.244868035190616
67.8837259999961,0.239980449657869
67.9331400000006,0.225317693059629
67.9772219999954,0.239980449657869
68.0250939999968,0.249755620723363
68.0736469999999,0.249755620723363
68.1208439999968,0.239980449657869
68.1661070000008,0.244868035190616
68.2117449999973,0.249755620723363
68.2565009999946,0.235092864125122
68.3016219999939,0.230205278592376
68.3465799999982,0.225317693059629
68.3917210000008,0.210654936461388
68.4363099999949,0.235092864125122
68.4815099999979,0.230205278592376
68.5268589999974,0.239980449657869
68.5771309999973,0.249755620723363
68.6261099999994,0.244868035190616
68.6749159999937,0.239980449657869
68.7226879999936,0.239980449657869
68.7674479999989,0.235092864125122
68.8144539999962,0.244868035190616
68.8593999999985,0.249755620723363
68.9085249999985,0.244868035190616
68.9570229999945,0.244868035190616
69.0055229999945,0.244868035190616
69.0543379999995,0.235092864125122
69.0993729999959,0.235092864125122
69.1463959999978,0.225317693059629
69.1941349999979,0.25464320625611
69.2448379999995,0.244868035190616
69.2939689999968,0.249755620723363
69.3422619999945,0.235092864125122
69.3957659999952,0.244868035190616
69.4464699999988,0.244868035190616
69.4943259999976,0.244868035190616
69.5420539999977,0.230205278592376
69.5908099999949,0.230205278592376
69.636110999994,0.220430107526882
69.6828680000007,0.225317693059629
69.7307799999937,0.230205278592376
69.7814010000005,0.249755620723363
69.8294079999998,0.249755620723363
69.8741059999987,0.244868035190616
69.9227280000001,0.239980449657869
69.9730059999972,0.239980449657869
70.025724999994,0.25464320625611
70.0699769999981,0.244868035190616
70.1290139999986,0.249755620723363
70.1838159999996,0.239980449657869
70.2318159999996,0.235092864125122
70.2754499999955,0.235092864125122
70.3246919999942,0.244868035190616
70.3699829999953,0.235092864125122
70.4171219999939,0.235092864125122
70.4646089999974,0.244868035190616
70.5159509999976,0.239980449657869
70.5630469999984,0.249755620723363
70.6077689999938,0.244868035190616
70.6561559999958,0.239980449657869
70.7011569999978,0.244868035190616
70.7691279999986,0.244868035190616
70.850125,0.239980449657869
70.8983519999981,0.25464320625611
70.9489909999967,0.264418377321603
70.9991669999957,0.249755620723363
71.0459649999961,0.249755620723363
71.0946679999977,0.25464320625611
71.149175999999,0.244868035190616
71.199048999995,0.249755620723363
71.245987999998,0.25464320625611
71.2946079999953,0.235092864125122
71.3406669999957,0.239980449657869
71.3859820000008,0.235092864125122
71.4478019999936,0.244868035190616
71.4952259999961,0.230205278592376
71.5406769999936,0.249755620723363
71.589799999997,0.215542521994135
71.6357829999998,0.235092864125122
71.6797189999968,0.244868035190616
71.729912999995,0.249755620723363
71.7738179999962,0.249755620723363
71.819998999998,0.249755620723363
71.8646089999974,0.244868035190616
71.9135429999977,0.249755620723363
71.9627449999973,0.244868035190616
72.0073669999987,0.25464320625611
72.0540319999978,0.230205278592376
72.102737999998,0.239980449657869
72.1519539999962,0.244868035190616
72.2026149999946,0.249755620723363
72.2494769999981,0.244868035190616
72.2980029999986,0.239980449657869
72.3435599999949,0.249755620723363
72.3897899999991,0.239980449657869
72.4345119999945,0.249755620723363
72.4830379999951,0.249755620723363
72.5319479999989,0.25464320625611
72.5722839999944,0.25464320625611
72.6202459999994,0.225317693059629
72.6702239999995,0.244868035190616
72.7158279999942,0.26930596285435
72.7652399999946,0.244868035190616
72.8101209999993,0.239980449657869
72.8569539999962,0.249755620723363
72.9010319999978,0.239980449657869
72.9455309999958,0.239980449657869
72.9916449999958,0.259530791788857
73.05875,0.25464320625611
73.1536309999972,0.239980449657869
73.2213029999956,0.244868035190616
73.2747189999968,0.25464320625611
73.3643319999948,0.259530791788857
74.4422659999952,0.259530791788857
74.8276719999984,0.249755620723363
74.9138649999946,0.249755620723363
74.9653279999942,0.235092864125122
75.0181279999986,0.230205278592376
75.0633469999954,0.220430107526882
75.1142349999994,0.215542521994135
75.1567909999937,0.230205278592376
75.2020399999991,0.220430107526882
75.2480459999964,0.249755620723363
75.2933829999939,0.249755620723363
75.3440089999959,0.264418377321603
75.3917109999955,0.249755620723363
75.4401149999946,0.25464320625611
75.4941679999977,0.220430107526882
75.5444969999939,0.195992179863147
75.5918479999974,0.215542521994135
75.6405759999976,0.235092864125122
75.6900319999978,0.25464320625611
75.7392719999999,0.249755620723363
